0.0008449554443359375
0.0004298686981201172
0.0003161430358886719
0.0010280609130859375
0.0012102127075195312
0.0007660388946533203
0.0004200935363769531
0.0020639896392822266
0.0006020069122314453
0.0003867149353027344
0.0003731250762939453
0.0003662109375
0.015234708786010742
0.0003693103790283203
0.0003139972686767578
0.0007901191711425781
0.0003390312194824219
0.0063779354095458984
0.0029540061950683594
0.0003628730773925781
0.00044798851013183594
0.0004379749298095703
0.000347137451171875
0.00028896331787109375
0.00034499168395996094
0.0002880096435546875
0.0003159046173095703
0.0004570484161376953
0.0002830028533935547
0.00038123130798339844
0.0002720355987548828
0.00031280517578125
0.00032711029052734375
0.00034999847412109375
0.0003650188446044922
0.00035309791564941406
0.0003421306610107422
0.00034999847412109375
0.000370025634765625
0.0003561973571777344
0.00038814544677734375
0.00034809112548828125
0.0003440380096435547
0.0003337860107421875
0.00036978721618652344
0.0007412433624267578
0.00043702125549316406
0.0017306804656982422
0.0007359981536865234
0.0009570121765136719
0.00039124488830566406
0.0003800392150878906
0.0004138946533203125
0.0003681182861328125
0.0003666877746582031
0.00026607513427734375
0.0003249645233154297
0.0002949237823486328
0.0003008842468261719
0.0002980232238769531
0.00030684471130371094
0.0003440380096435547
0.00030803680419921875
0.0002980232238769531
0.00035190582275390625
0.00037097930908203125
0.0005271434783935547
0.0003330707550048828
0.00033211708068847656
0.0004258155822753906
0.0003180503845214844
0.0004029273986816406
0.0003237724304199219
0.00038504600524902344
0.00031495094299316406
0.0002880096435546875
0.0002377033233642578
0.00036215782165527344
0.0002980232238769531
0.0003199577331542969
0.0003781318664550781
0.0002789497375488281
0.00032210350036621094
0.0003311634063720703
0.0003399848937988281
0.0003077983856201172
0.0004677772521972656
0.000560760498046875
0.00033211708068847656
0.00030303001403808594
0.0003268718719482422
0.0003998279571533203
0.0003027915954589844
0.0002949237823486328
0.0004699230194091797
0.0004661083221435547
0.0003719329833984375
0.0003561973571777344
0.00033593177795410156
0.0002980232238769531
0.0030820369720458984
0.0043659210205078125
0.0032820701599121094
0.004045963287353516
0.0021240711212158203
0.000579833984375
0.0005891323089599609
0.00032901763916015625
0.0002808570861816406
0.00031495094299316406
0.0003008842468261719
0.0003142356872558594
0.00036525726318359375
0.0003216266632080078
0.0003619194030761719
0.0003750324249267578
0.00044608116149902344
0.00030803680419921875
0.0003190040588378906
0.00040602684020996094
0.0006489753723144531
0.00035691261291503906
0.0003399848937988281
0.0003211498260498047
0.0005347728729248047
0.00036215782165527344
0.00036716461181640625
0.0002899169921875
0.00036215782165527344
0.0003001689910888672
0.0004780292510986328
0.0002758502960205078
0.0003299713134765625
0.0003077983856201172
0.000370025634765625
0.00037980079650878906
0.00026297569274902344
0.00031685829162597656
0.0003418922424316406
0.0003058910369873047
0.0002689361572265625
0.000331878662109375
0.000308990478515625
0.00035309791564941406
0.0003247261047363281
0.0003409385681152344
0.0003247261047363281
0.00039315223693847656
0.0003273487091064453
0.00027489662170410156
0.0003399848937988281
0.00038886070251464844
0.0003571510314941406
0.0005214214324951172
0.00036907196044921875
0.0004611015319824219
0.0003180503845214844
0.0002827644348144531
0.00034999847412109375
0.00035691261291503906
0.0003421306610107422
0.0003731250762939453
0.00036025047302246094
0.0003490447998046875
0.0002639293670654297
0.0002980232238769531
0.0003228187561035156
0.00040078163146972656
0.00035190582275390625
0.0005400180816650391
0.0003409385681152344
0.0002880096435546875
0.0004050731658935547
0.0004439353942871094
0.0003230571746826172
0.002833843231201172
0.0005040168762207031
0.0015368461608886719
0.0019478797912597656
0.00044798851013183594
0.00043010711669921875
0.0003619194030761719
0.0003421306610107422
0.0002942085266113281
0.00035691261291503906
0.0008981227874755859
0.0005340576171875
0.0004639625549316406
0.00035381317138671875
0.00038123130798339844
0.00039505958557128906
0.0004329681396484375
0.0004200935363769531
0.00024509429931640625
0.00038909912109375
0.00034499168395996094
0.0003046989440917969
0.0003876686096191406
0.00030684471130371094
0.0003750324249267578
0.00040793418884277344
0.0004527568817138672
0.0003292560577392578
0.00027179718017578125
0.0005769729614257812
0.0004298686981201172
0.0003917217254638672
0.0004749298095703125
0.00033473968505859375
0.00034427642822265625
0.0003631114959716797
0.0002999305725097656
0.0003483295440673828
0.00027179718017578125
0.00034999847412109375
0.0003108978271484375
0.0003483295440673828
0.0003509521484375
0.0003371238708496094
0.00035881996154785156
0.000308990478515625
0.0003268718719482422
0.0002789497375488281
0.0003299713134765625
0.00036716461181640625
0.0003180503845214844
0.0003943443298339844
0.00032329559326171875
0.0003719329833984375
0.0003178119659423828
0.00030493736267089844
0.0003199577331542969
0.00045013427734375
0.000308990478515625
0.00037097930908203125
0.0003199577331542969
0.0007519721984863281
0.00086212158203125
0.00035500526428222656
0.00045108795166015625
0.0003693103790283203
0.00029206275939941406
0.0003490447998046875
0.0002720355987548828
0.0003082752227783203
0.00028586387634277344
0.0004229545593261719
0.0002799034118652344
0.00033974647521972656
0.0002887248992919922
0.0003571510314941406
0.0003139972686767578
0.0003190040588378906
0.0003249645233154297
0.0002639293670654297
0.0003509521484375
0.0006592273712158203
0.0008320808410644531
0.0005512237548828125
0.00055694580078125
0.0008211135864257812
0.0006251335144042969
0.0012018680572509766
0.0004050731658935547
0.0004258155822753906
0.0003840923309326172
0.0002911090850830078
0.00021505355834960938
0.0004200935363769531
0.00030493736267089844
0.0003190040588378906
0.0003209114074707031
0.0003478527069091797
0.0002818107604980469
0.0002579689025878906
0.00043010711669921875
0.0003631114959716797
0.0003330707550048828
0.000514984130859375
0.0002951622009277344
0.0003528594970703125
0.00035119056701660156
0.00026297569274902344
0.0005819797515869141
0.00036716461181640625
0.00032806396484375
0.00037980079650878906
0.0004589557647705078
0.0003819465637207031
0.0006268024444580078
0.000308990478515625
0.0003020763397216797
0.0004940032958984375
0.00032019615173339844
0.0003190040588378906
0.0002961158752441406
0.00035572052001953125
0.0005471706390380859
0.0005931854248046875
0.0005648136138916016
0.0003650188446044922
0.0002989768981933594
0.00027489662170410156
0.00032210350036621094
0.0003619194030761719
0.0002789497375488281
0.000331878662109375
0.00029277801513671875
0.0003650188446044922
0.0003521442413330078
0.00029206275939941406
0.0008568763732910156
0.0007779598236083984
0.0006201267242431641
0.0004558563232421875
0.00045680999755859375
0.000270843505859375
0.00040078163146972656
0.0004067420959472656
0.0003597736358642578
0.00048279762268066406
0.0003788471221923828
0.00037407875061035156
0.00045800209045410156
0.0003058910369873047
0.00034499168395996094
0.00041484832763671875
0.0002651214599609375
0.00030994415283203125
0.0003161430358886719
0.0002841949462890625
0.0003170967102050781
0.00032830238342285156
0.0003509521484375
0.00026988983154296875
0.00029087066650390625
0.0002911090850830078
0.00033473968505859375
0.00042319297790527344
0.0010161399841308594
0.00043702125549316406
0.00032830238342285156
0.00037217140197753906
0.0003418922424316406
0.00045418739318847656
0.0002770423889160156
0.00033593177795410156
0.00028896331787109375
0.00031113624572753906
0.0004191398620605469
0.0003452301025390625
0.0003719329833984375
0.0002999305725097656
0.0003261566162109375
0.0003809928894042969
0.00032711029052734375
0.0003590583801269531
0.0003497600555419922
0.0002570152282714844
0.00038814544677734375
0.00033593177795410156
0.0003829002380371094
0.00025200843811035156
0.0003650188446044922
0.00047516822814941406
0.0006399154663085938
0.000324249267578125
0.0003650188446044922
0.00046181678771972656
0.0007870197296142578
0.0013210773468017578
0.0035371780395507812
0.0003731250762939453
0.0004520416259765625
0.00039505958557128906
0.0003228187561035156
0.0002989768981933594
0.00032401084899902344
0.0003190040588378906
0.0002963542938232422
0.0002999305725097656
0.00028395652770996094
0.0003268718719482422
0.0002810955047607422
0.0002841949462890625
0.0003349781036376953
0.0003459453582763672
0.0002689361572265625
0.0003020763397216797
0.0003249645233154297
0.0003750324249267578
0.00028014183044433594
0.000354766845703125
0.00029587745666503906
0.0013556480407714844
0.0009150505065917969
0.0003788471221923828
0.0004150867462158203
0.0003249645233154297
0.000308990478515625
0.0004448890686035156
0.0002849102020263672
0.00031113624572753906
0.0002980232238769531
0.0003287792205810547
0.0002589225769042969
0.0003139972686767578
0.0003142356872558594
0.00033593177795410156
0.0002760887145996094
0.0002429485321044922
0.0002617835998535156
0.00029277801513671875
0.0003027915954589844
0.0003688335418701172
0.0002830028533935547
0.00028014183044433594
0.00022411346435546875
0.00026416778564453125
0.0003859996795654297
0.0003409385681152344
0.0004570484161376953
0.0003490447998046875
0.00032591819763183594
0.00028896331787109375
0.0003070831298828125
0.0003609657287597656
0.00032520294189453125
0.00026488304138183594
0.0003161430358886719
0.0003139972686767578
0.00030517578125
0.00029587745666503906
0.0003180503845214844
0.0002932548522949219
0.00034999847412109375
0.00026297569274902344
0.0003635883331298828
0.00029587745666503906
0.0002999305725097656
0.00026798248291015625
0.00032210350036621094
0.00032711029052734375
0.0005099773406982422
0.0006101131439208984
0.0017867088317871094
0.0010991096496582031
0.0003941059112548828
0.000354766845703125
0.0004069805145263672
0.0011489391326904297
0.0005958080291748047
0.0008940696716308594
0.0007028579711914062
0.000659942626953125
0.0004680156707763672
0.0003218650817871094
0.0003108978271484375
0.0003581047058105469
0.0002429485321044922
0.0003478527069091797
0.00027298927307128906
0.0003960132598876953
0.0003552436828613281
0.00039696693420410156
0.0002980232238769531
0.000270843505859375
0.0002911090850830078
0.0003428459167480469
0.00041604042053222656
0.00033402442932128906
0.00028514862060546875
0.00024390220642089844
0.00026917457580566406
0.0003600120544433594
0.0003249645233154297
0.0003120899200439453
0.00047206878662109375
0.0004711151123046875
0.0031371116638183594
0.00042510032653808594
0.00034689903259277344
0.0004968643188476562
0.0004448890686035156
0.00028705596923828125
0.00037407875061035156
0.00032520294189453125
0.00039124488830566406
0.0002651214599609375
0.0004200935363769531
0.0003750324249267578
0.00047087669372558594
0.0003750324249267578
0.0003352165222167969
0.00031304359436035156
0.00043392181396484375
0.000457763671875
0.00026702880859375
0.0003447532653808594
0.0004627704620361328
0.0003337860107421875
0.00036716461181640625
0.0003151893615722656
0.00034117698669433594
0.0008392333984375
0.0012400150299072266
0.002475738525390625
0.0006480216979980469
0.00039696693420410156
0.0003256797790527344
0.00042319297790527344
0.00032782554626464844
0.0002720355987548828
0.0003681182861328125
0.000347137451171875
0.00035500526428222656
0.0002770423889160156
0.0003440380096435547
0.0003190040588378906
0.0003161430358886719
0.00032401084899902344
0.00035309791564941406
0.00032901763916015625
0.00032591819763183594
0.0003409385681152344
0.00036406517028808594
0.01522684097290039
0.00027489662170410156
0.00034308433532714844
0.00035309791564941406
0.00032901763916015625
0.0003199577331542969
0.0003249645233154297
0.00044608116149902344
0.00033092498779296875
0.0003159046173095703
0.0012249946594238281
0.0009694099426269531
0.0006291866302490234
0.0003879070281982422
0.0004401206970214844
0.0003669261932373047
0.0003380775451660156
0.0003170967102050781
0.0003249645233154297
0.0005340576171875
0.0002918243408203125
0.00036215782165527344
0.0003261566162109375
0.0003440380096435547
0.00026106834411621094
0.0003237724304199219
0.0002741813659667969
0.0003173351287841797
0.0003211498260498047
0.0008540153503417969
0.0005917549133300781
0.0003871917724609375
0.0007917881011962891
0.00037980079650878906
0.0003230571746826172
0.0003008842468261719
0.0003561973571777344
0.0004532337188720703
0.00044417381286621094
0.001344919204711914
0.001956939697265625
0.0005576610565185547
0.00030493736267089844
0.0003437995910644531
0.0003159046173095703
0.0002930164337158203
0.00021505355834960938
0.00037097930908203125
0.0003273487091064453
0.00033783912658691406
0.0004799365997314453
0.0003190040588378906
0.00027489662170410156
0.00043320655822753906
0.0003669261932373047
0.0003330707550048828
0.00033473968505859375
0.0004611015319824219
0.000335693359375
0.0002770423889160156
0.0003731250762939453
0.00032711029052734375
0.0004391670227050781
0.0005009174346923828
0.0002808570861816406
0.00045680999755859375
0.00041294097900390625
0.0004527568817138672
0.00036025047302246094
0.0003609657287597656
0.0003180503845214844
0.0003161430358886719
0.00031375885009765625
0.0005109310150146484
0.00026607513427734375
0.00045108795166015625
0.0002739429473876953
0.0003037452697753906
0.0003230571746826172
0.0003161430358886719
0.0005099773406982422
0.00029587745666503906
0.00034308433532714844
0.0003399848937988281
0.00036525726318359375
0.0003981590270996094
0.0003540515899658203
0.0012857913970947266
0.0007259845733642578
0.0004470348358154297
0.0009872913360595703
0.00035190582275390625
0.0003218650817871094
0.0004210472106933594
0.0003581047058105469
0.0004706382751464844
0.0004401206970214844
0.0003390312194824219
0.00041604042053222656
0.003929853439331055
0.0006539821624755859
0.000331878662109375
0.00027108192443847656
0.00028395652770996094
0.00028204917907714844
0.0003941059112548828
0.0004169940948486328
0.0004029273986816406
0.00043892860412597656
0.00036215782165527344
0.00032806396484375
0.0003628730773925781
0.00030493736267089844
0.0054781436920166016
0.0004909038543701172
0.0003619194030761719
0.000347137451171875
0.00038123130798339844
0.00045299530029296875
0.00031828880310058594
0.0004401206970214844
0.00029015541076660156
0.0004553794860839844
0.0004673004150390625
0.0002720355987548828
0.00032782554626464844
0.0005309581756591797
0.0004639625549316406
0.00049591064453125
0.00037598609924316406
0.00043892860412597656
0.00032711029052734375
0.00033926963806152344
0.0004286766052246094
0.0003058910369873047
0.0003960132598876953
0.002042055130004883
0.0004570484161376953
0.0004417896270751953
0.0005497932434082031
0.00034499168395996094
0.00045418739318847656
0.0016889572143554688
0.00033783912658691406
0.0004649162292480469
0.00047397613525390625
0.0003361701965332031
0.0004737377166748047
0.0009169578552246094
0.0003619194030761719
0.0004570484161376953
0.0002808570861816406
0.0003440380096435547
0.00025391578674316406
0.00033092498779296875
0.0004220008850097656
0.0008628368377685547
0.0005321502685546875
0.0003387928009033203
0.0003647804260253906
0.0005228519439697266
0.00032782554626464844
0.00039386749267578125
0.0004138946533203125
0.0004620552062988281
0.00042438507080078125
0.0004131793975830078
0.000286102294921875
0.00032520294189453125
0.0003428459167480469
0.00045013427734375
0.00032591819763183594
0.00033402442932128906
0.000370025634765625
0.00046324729919433594
0.0003681182861328125
0.00030517578125
0.0007681846618652344
0.000942230224609375
0.0004031658172607422
0.001069784164428711
0.0005948543548583984
0.0004038810729980469
0.0004069805145263672
0.00026226043701171875
0.0003426074981689453
0.0003058910369873047
0.00026607513427734375
0.0003459453582763672
0.0005147457122802734
0.0005290508270263672
0.0003459453582763672
0.0005769729614257812
0.0026979446411132812
0.0012569427490234375
0.0003910064697265625
0.0003409385681152344
0.0004630088806152344
0.0003361701965332031
0.00040411949157714844
0.0004961490631103516
0.0004439353942871094
0.0003571510314941406
0.0003681182861328125
0.00041413307189941406
0.0003409385681152344
0.00032591819763183594
0.00036716461181640625
0.0002887248992919922
0.00028586387634277344
0.0003566741943359375
0.0003981590270996094
0.0003669261932373047
0.0005598068237304688
0.0006949901580810547
0.0006167888641357422
0.0009222030639648438
0.0006718635559082031
0.0010819435119628906
0.00055694580078125
0.0002949237823486328
0.00035881996154785156
0.000308990478515625
0.00031495094299316406
0.00032401084899902344
0.000286102294921875
0.0003509521484375
0.0003409385681152344
0.0003840923309326172
0.0003452301025390625
0.0003139972686767578
0.00033783912658691406
0.00027489662170410156
0.0003879070281982422
0.0003249645233154297
0.00038504600524902344
0.00028967857360839844
0.00034308433532714844
0.0003046989440917969
0.00048804283142089844
0.0003731250762939453
0.00034689903259277344
0.0003502368927001953
0.0003390312194824219
0.0007410049438476562
0.0008440017700195312
0.0010039806365966797
0.0004649162292480469
0.00038123130798339844
0.00035190582275390625
0.0003559589385986328
0.00032782554626464844
0.0003478527069091797
0.0003829002380371094
0.00031304359436035156
0.0004169940948486328
0.00038695335388183594
0.0003509521484375
0.001188039779663086
0.0008027553558349609
0.000759124755859375
0.0005269050598144531
0.00035691261291503906
0.0003337860107421875
0.000370025634765625
0.0003199577331542969
0.0003521442413330078
0.0003838539123535156
0.0005280971527099609
0.0010862350463867188
0.00041985511779785156
0.00041413307189941406
0.0003228187561035156
0.00035309791564941406
0.0003352165222167969
0.0003108978271484375
0.00030112266540527344
0.0004711151123046875
0.00027489662170410156
0.0003941059112548828
0.0003561973571777344
0.0003790855407714844
0.0003018379211425781
0.0003409385681152344
0.0003371238708496094
0.00040912628173828125
0.0002970695495605469
0.0004398822784423828
0.0003638267517089844
0.0002639293670654297
0.00037789344787597656
0.000331878662109375
0.0003361701965332031
0.0003521442413330078
0.00031375885009765625
0.0002961158752441406
0.0003509521484375
0.0005950927734375
0.0007586479187011719
0.0004448890686035156
0.00039696693420410156
0.0003790855407714844
0.0005502700805664062
0.0005481243133544922
0.0006039142608642578
0.0004000663757324219
0.00029277801513671875
0.00040078163146972656
0.0003509521484375
0.0003719329833984375
0.000347137451171875
0.0003399848937988281
0.0003781318664550781
0.0003380775451660156
0.00039196014404296875
0.0002570152282714844
0.00036525726318359375
0.0003261566162109375
0.0003170967102050781
0.00036406517028808594
0.0002741813659667969
0.0003612041473388672
0.00031304359436035156
0.0002818107604980469
0.0003790855407714844
0.0002999305725097656
0.00026607513427734375
0.00033211708068847656
0.0002818107604980469
0.0003008842468261719
0.00031113624572753906
0.00025200843811035156
0.0003409385681152344
0.0004000663757324219
0.00030994415283203125
0.0002989768981933594
0.0003311634063720703
0.00047707557678222656
0.0007460117340087891
0.0006260871887207031
0.0003352165222167969
0.0003478527069091797
0.0002930164337158203
0.00032806396484375
0.0002961158752441406
0.00030112266540527344
0.0003631114959716797
0.00030112266540527344
0.0003483295440673828
0.0004961490631103516
0.0005638599395751953
0.0005888938903808594
0.0004401206970214844
0.0004458427429199219
0.0002970695495605469
0.000308990478515625
0.0003528594970703125
0.00030517578125
0.00027108192443847656
0.00043392181396484375
0.0003228187561035156
0.00036215782165527344
0.0003428459167480469
0.0004258155822753906
0.00048089027404785156
0.0006830692291259766
0.0004227161407470703
0.00032591819763183594
0.0005707740783691406
0.00032401084899902344
0.00032401084899902344
0.00034809112548828125
0.0002918243408203125
0.0004329681396484375
0.0002930164337158203
0.00037384033203125
0.0005192756652832031
0.0002868175506591797
0.00031113624572753906
0.0003008842468261719
0.0003540515899658203
0.0003447532653808594
0.0003790855407714844
0.0003650188446044922
0.00037097930908203125
0.000308990478515625
0.0003330707550048828
0.000324249267578125
0.00030493736267089844
0.0003170967102050781
0.0003628730773925781
0.0006639957427978516
0.0011429786682128906
0.0010318756103515625
0.0005407333374023438
0.0005919933319091797
0.00040411949157714844
0.0003592967987060547
0.0003802776336669922
0.0003650188446044922
0.00030303001403808594
0.0004990100860595703
0.0007138252258300781
0.00043201446533203125
0.0006511211395263672
0.0002560615539550781
0.00029397010803222656
0.00026702880859375
0.00025391578674316406
0.0002529621124267578
0.00025916099548339844
0.0002739429473876953
0.00024175643920898438
0.00027298927307128906
0.0002338886260986328
0.0002741813659667969
0.0002009868621826172
0.0003001689910888672
0.00033593177795410156
0.0003368854522705078
0.00023603439331054688
0.0002548694610595703
0.00023126602172851562
0.00028705596923828125
0.0002460479736328125
0.00025010108947753906
0.00028705596923828125
0.00023984909057617188
0.0002980232238769531
0.0002880096435546875
0.0003399848937988281
0.0002770423889160156
0.0002391338348388672
0.00027489662170410156
0.00022912025451660156
0.0002338886260986328
0.00020503997802734375
0.00024080276489257812
0.0002689361572265625
0.0002338886260986328
0.0002560615539550781
0.00025582313537597656
0.00031185150146484375
0.00031113624572753906
0.0002219676971435547
0.0002899169921875
0.0002868175506591797
0.0007612705230712891
0.0008509159088134766
0.00031828880310058594
0.0005428791046142578
0.00034880638122558594
0.0002810955047607422
0.0002770423889160156
0.0005731582641601562
0.0004980564117431641
0.0005612373352050781
0.00032830238342285156
0.00028395652770996094
0.00035500526428222656
0.0002918243408203125
0.0007250308990478516
0.0005350112915039062
0.00046706199645996094
0.0003287792205810547
0.0003161430358886719
0.0003409385681152344
0.0002696514129638672
0.00025010108947753906
0.0003681182861328125
0.00032901763916015625
0.00026702880859375
0.0002841949462890625
0.00026607513427734375
0.001744985580444336
0.0013041496276855469
0.0007669925689697266
0.0013270378112792969
0.00040793418884277344
0.0002551078796386719
0.0002849102020263672
0.00026416778564453125
0.0002911090850830078
0.0002448558807373047
0.0002620220184326172
0.0011928081512451172
0.0002989768981933594
0.00030493736267089844
0.00030803680419921875
0.0002880096435546875
0.0002760887145996094
0.0010139942169189453
0.0005612373352050781
0.0003399848937988281
0.00035309791564941406
0.00042319297790527344
0.0003020763397216797
0.00031495094299316406
0.0002651214599609375
0.0002548694610595703
0.00027489662170410156
0.00028514862060546875
0.01114201545715332
0.0002949237823486328
0.00026798248291015625
0.00028324127197265625
0.0003058910369873047
0.00026607513427734375
0.000293731689453125
0.0005681514739990234
0.0006186962127685547
0.0003139972686767578
0.0003077983856201172
0.0011849403381347656
0.0007867813110351562
0.00030803680419921875
0.0003521442413330078
0.00030994415283203125
0.0002918243408203125
0.0002968311309814453
0.00024700164794921875
0.0002548694610595703
0.00023794174194335938
0.0002512931823730469
0.00023603439331054688
0.00037288665771484375
0.0002570152282714844
0.0003151893615722656
0.0003299713134765625
0.0003018379211425781
0.00029087066650390625
0.00030994415283203125
0.0003609657287597656
0.00031113624572753906
0.0003349781036376953
0.0002758502960205078
0.00026297569274902344
0.0002510547637939453
0.0002582073211669922
0.00026607513427734375
0.0002570152282714844
0.0006990432739257812
0.0003020763397216797
0.0003857612609863281
0.00029277801513671875
0.00028324127197265625
0.00026607513427734375
0.00025582313537597656
0.0002541542053222656
0.0002789497375488281
0.00022602081298828125
0.0002391338348388672
0.0002429485321044922
0.00026106834411621094
0.00023603439331054688
0.0002548694610595703
0.0002579689025878906
0.0002601146697998047
0.0002586841583251953
0.0002200603485107422
0.0002598762512207031
0.00025200843811035156
0.0005712509155273438
0.0008912086486816406
0.00029397010803222656
0.00033402442932128906
0.00023484230041503906
0.0002617835998535156
0.0002319812774658203
0.0002601146697998047
0.0005340576171875
0.0003190040588378906
0.0002639293670654297
0.0002880096435546875
0.0002770423889160156
0.0003120899200439453
0.0002651214599609375
0.0002162456512451172
0.00026488304138183594
0.00025200843811035156
0.00026702880859375
0.0002970695495605469
0.00026702880859375
0.0002532005310058594
0.00022125244140625
0.0002810955047607422
0.0002460479736328125
0.0002701282501220703
0.00026798248291015625
0.0002510547637939453
0.0002601146697998047
0.0002372264862060547
0.0011150836944580078
0.0007379055023193359
0.00030517578125
0.0005559921264648438
0.00029277801513671875
0.0005118846893310547
0.00043892860412597656
0.0007359981536865234
0.0008502006530761719
0.00031495094299316406
0.0002942085266113281
0.0004279613494873047
0.0005300045013427734
0.0003147125244140625
0.0003771781921386719
0.0003108978271484375
0.00031065940856933594
0.00032401084899902344
0.0005040168762207031
0.0004889965057373047
0.00030112266540527344
0.0002980232238769531
0.00032591819763183594
0.00027298927307128906
0.00041794776916503906
0.0002827644348144531
0.0002968311309814453
0.0002989768981933594
0.00027489662170410156
0.00030112266540527344
0.0005271434783935547
0.0002961158752441406
0.0007460117340087891
0.00036907196044921875
0.00027108192443847656
0.00023508071899414062
0.00030994415283203125
0.0002639293670654297
0.00029206275939941406
0.0002810955047607422
0.0002779960632324219
0.00026702880859375
0.0002980232238769531
0.00029587745666503906
0.0002579689025878906
0.00026702880859375
0.00024127960205078125
0.0002288818359375
0.00027680397033691406
0.00023818016052246094
0.0002522468566894531
0.0002770423889160156
0.0002522468566894531
0.0002639293670654297
0.00023603439331054688
0.0002999305725097656
0.000537872314453125
0.00030159950256347656
0.000514984130859375
0.0002639293670654297
0.0002579689025878906
0.0002338886260986328
0.0002779960632324219
0.0002789497375488281
0.0002377033233642578
0.00024437904357910156
0.0002219676971435547
0.0002739429473876953
0.0002951622009277344
0.0002989768981933594
0.0002799034118652344
0.00026106834411621094
0.0002598762512207031
0.00028395652770996094
0.0002608299255371094
0.00022292137145996094
0.00028228759765625
0.00026488304138183594
0.00026488304138183594
0.00023508071899414062
0.0002818107604980469
0.0002460479736328125
0.0002560615539550781
0.00024700164794921875
0.00026702880859375
0.000244140625
0.0002658367156982422
0.0002930164337158203
0.0002980232238769531
0.0002651214599609375
0.00029206275939941406
0.0008251667022705078
0.0013461112976074219
0.00037598609924316406
0.0003008842468261719
0.0002868175506591797
0.0003120899200439453
0.0009860992431640625
0.0033006668090820312
0.0017290115356445312
0.00037789344787597656
0.0003101825714111328
0.0002949237823486328
0.012032032012939453
0.00030994415283203125
0.0002551078796386719
0.0002989768981933594
0.0003781318664550781
0.0002970695495605469
0.0003120899200439453
0.0002551078796386719
0.00029206275939941406
0.0003120899200439453
0.010881185531616211
0.0003368854522705078
0.0003178119659423828
0.0002980232238769531
0.000370025634765625
0.0003821849822998047
0.00030517578125
0.0002961158752441406
0.00031685829162597656
0.0003018379211425781
0.0003027915954589844
0.0003151893615722656
0.0002880096435546875
0.0002942085266113281
0.00028395652770996094
0.0003762245178222656
0.00042891502380371094
0.0003001689910888672
0.0002989768981933594
0.0002942085266113281
0.0003921985626220703
0.00033402442932128906
0.0003268718719482422
0.0002989768981933594
0.0002682209014892578
0.00026988983154296875
0.0003018379211425781
0.0005130767822265625
0.0002796649932861328
0.00030493736267089844
0.00029778480529785156
0.0003039836883544922
0.0003159046173095703
0.0003108978271484375
0.00030612945556640625
0.0002951622009277344
0.0003190040588378906
0.0003070831298828125
0.0003960132598876953
0.00031113624572753906
0.0003032684326171875
0.0002930164337158203
0.0002760887145996094
0.00039196014404296875
0.0003399848937988281
0.0003178119659423828
0.0005750656127929688
0.0020329952239990234
0.0003681182861328125
0.0005640983581542969
0.0007998943328857422
0.00038814544677734375
0.00028014183044433594
0.0003724098205566406
0.0002989768981933594
0.0006709098815917969
0.0009250640869140625
0.00030303001403808594
0.0002827644348144531
0.00028705596923828125
0.0002880096435546875
0.00030994415283203125
0.0002930164337158203
0.00030612945556640625
0.00030994415283203125
0.00030684471130371094
0.0008020401000976562
0.0004773139953613281
0.0004410743713378906
0.0005791187286376953
0.00030612945556640625
0.0003173351287841797
0.0003619194030761719
0.0003159046173095703
0.0002999305725097656
0.0003948211669921875
0.0003478527069091797
0.0003020763397216797
0.002838134765625
0.0005908012390136719
0.0003249645233154297
0.0003609657287597656
0.0002620220184326172
0.0002689361572265625
0.00030112266540527344
0.00048613548278808594
0.0002522468566894531
0.000354766845703125
0.00026106834411621094
0.000446319580078125
0.0002880096435546875
0.0002760887145996094
0.00029206275939941406
0.00024509429931640625
0.00028705596923828125
0.00027680397033691406
0.0002739429473876953
0.0004260540008544922
0.0002551078796386719
0.0002880096435546875
0.0003590583801269531
0.0002779960632324219
0.00028204917907714844
0.000286102294921875
0.0003237724304199219
0.0005631446838378906
0.0004818439483642578
0.0003077983856201172
0.0012080669403076172
0.0004010200500488281
0.0013287067413330078
0.0002949237823486328
0.0003020763397216797
0.0002620220184326172
0.0002491474151611328
0.00028634071350097656
0.0002880096435546875
0.00030803680419921875
0.0002810955047607422
0.0002791881561279297
0.00035381317138671875
0.00031113624572753906
0.000308990478515625
0.00030493736267089844
0.00045609474182128906
0.0003249645233154297
0.0003077983856201172
0.0003027915954589844
0.0002872943878173828
0.0002970695495605469
0.0004107952117919922
0.0003559589385986328
0.00037097930908203125
0.00031280517578125
0.00029397010803222656
0.0002789497375488281
0.00035572052001953125
0.0004811286926269531
0.0002880096435546875
0.0003209114074707031
0.0002999305725097656
0.0002810955047607422
0.0003292560577392578
0.0003018379211425781
0.00029087066650390625
0.00030303001403808594
0.0002918243408203125
0.0003018379211425781
0.00027489662170410156
0.0002989768981933594
0.0003991127014160156
0.00045990943908691406
0.00032210350036621094
0.0003180503845214844
0.0002970695495605469
0.0013442039489746094
0.0006680488586425781
0.0008058547973632812
0.0005810260772705078
0.00029397010803222656
0.0010471343994140625
0.0008089542388916016
0.00043892860412597656
0.000331878662109375
0.00032401084899902344
0.0003361701965332031
0.0002779960632324219
0.0002968311309814453
0.0003409385681152344
0.00028204917907714844
0.000308990478515625
0.0004019737243652344
0.0005872249603271484
0.0004050731658935547
0.0002779960632324219
0.0002810955047607422
0.0002911090850830078
0.0007371902465820312
0.014593839645385742
0.0014560222625732422
0.0002918243408203125
0.00041604042053222656
0.0002796649932861328
0.00027108192443847656
0.00029015541076660156
0.00045990943908691406
0.0003871917724609375
0.0003261566162109375
0.0002930164337158203
0.00029015541076660156
0.0004410743713378906
0.002856016159057617
0.001811981201171875
0.0009400844573974609
0.0008561611175537109
0.0007660388946533203
0.0005240440368652344
0.00046896934509277344
0.017657995223999023
0.0003459453582763672
0.0004439353942871094
0.0003600120544433594
0.0003070831298828125
0.00041675567626953125
0.0002980232238769531
0.0002970695495605469
0.0002739429473876953
0.0003039836883544922
0.0003478527069091797
0.0002930164337158203
0.0002989768981933594
0.0003509521484375
0.0003857612609863281
0.0002892017364501953
0.00030493736267089844
0.00028705596923828125
0.00031304359436035156
0.0002932548522949219
0.0011780261993408203
0.0004451274871826172
0.001367807388305664
0.0005462169647216797
0.0007832050323486328
0.0002968311309814453
0.0002770423889160156
0.0002837181091308594
0.00026106834411621094
0.00036787986755371094
0.0002548694610595703
0.00034499168395996094
0.00026702880859375
0.0002560615539550781
0.00026917457580566406
0.00028514862060546875
0.0002758502960205078
0.0002601146697998047
0.0002701282501220703
0.0006520748138427734
0.0006239414215087891
0.0004611015319824219
0.000308990478515625
0.0002620220184326172
0.00032782554626464844
0.00026607513427734375
0.00026607513427734375
0.0003540515899658203
0.0002789497375488281
0.0003020763397216797
0.00026535987854003906
0.0002701282501220703
0.0002849102020263672
0.00030493736267089844
0.0003609657287597656
0.0002989768981933594
0.00030112266540527344
0.0002830028533935547
0.0002598762512207031
0.0002627372741699219
0.00026702880859375
0.0002810955047607422
0.0003349781036376953
0.0003566741943359375
0.0002849102020263672
0.00024700164794921875
0.0002751350402832031
0.00028586387634277344
0.0002760887145996094
0.00026607513427734375
0.0002238750457763672
0.0002627372741699219
0.00024509429931640625
0.0002601146697998047
0.00027489662170410156
0.00030493736267089844
0.000308990478515625
0.0034987926483154297
0.00030612945556640625
0.00029921531677246094
0.0002911090850830078
0.00029397010803222656
0.0003020763397216797
0.00032210350036621094
0.0003190040588378906
0.0002510547637939453
0.00024390220642089844
0.00033783912658691406
0.00030303001403808594
0.0002868175506591797
0.00025200843811035156
0.00028014183044433594
0.00029587745666503906
0.00026106834411621094
0.0002789497375488281
0.00024318695068359375
0.000308990478515625
0.00029778480529785156
0.0002644062042236328
0.0009987354278564453
0.003877878189086914
0.0028641223907470703
0.00029015541076660156
0.0002758502960205078
0.00040030479431152344
0.0002989768981933594
0.00033402442932128906
0.0002949237823486328
0.0002810955047607422
0.000286102294921875
0.00032210350036621094
0.0003230571746826172
0.0003802776336669922
0.0002779960632324219
0.00036597251892089844
0.0002651214599609375
0.0002460479736328125
0.0002808570861816406
0.0003027915954589844
0.00030517578125
0.0003120899200439453
0.00026702880859375
0.0003521442413330078
0.000286102294921875
0.0006871223449707031
0.00031280517578125
0.0004451274871826172
0.0002701282501220703
0.0002827644348144531
0.00024819374084472656
0.0002770423889160156
0.0003325939178466797
0.0002510547637939453
0.0004878044128417969
0.0002818107604980469
0.0008101463317871094
0.00036597251892089844
0.0003383159637451172
0.0002810955047607422
0.0002570152282714844
0.0002410411834716797
0.0002608299255371094
0.0002701282501220703
0.00037407875061035156
0.0002429485321044922
0.0002923011779785156
0.00027108192443847656
0.0002639293670654297
0.00029206275939941406
0.00028204917907714844
0.0002570152282714844
0.00035572052001953125
0.0002589225769042969
0.0002739429473876953
0.0002319812774658203
0.0003600120544433594
0.00029397010803222656
0.001096963882446289
0.0007750988006591797
0.0022940635681152344
0.00030732154846191406
0.0002970695495605469
0.0003006458282470703
0.00034689903259277344
0.0002639293670654297
0.0002779960632324219
0.0002319812774658203
0.00037789344787597656
0.0007579326629638672
0.0011768341064453125
0.0003840923309326172
0.00028014183044433594
0.00038313865661621094
0.0003116130828857422
0.0003058910369873047
0.00034308433532714844
0.0003972053527832031
0.00025582313537597656
0.0002951622009277344
0.0006840229034423828
0.00033593177795410156
0.00027871131896972656
0.00029730796813964844
0.0004169940948486328
0.0003032684326171875
0.0002701282501220703
0.0003402233123779297
0.0003008842468261719
0.0002808570861816406
0.0002689361572265625
0.00026226043701171875
0.0007431507110595703
0.000701904296875
0.0004589557647705078
0.001653432846069336
0.0004601478576660156
0.00041222572326660156
0.00031304359436035156
0.000308990478515625
0.0002799034118652344
0.00030612945556640625
0.00042700767517089844
0.00026988983154296875
0.000308990478515625
0.00023317337036132812
0.0002818107604980469
0.0003190040588378906
0.00026416778564453125
0.0002830028533935547
0.0003218650817871094
0.0002980232238769531
0.0003058910369873047
0.0002770423889160156
0.00026988983154296875
0.00027298927307128906
0.0002779960632324219
0.0003132820129394531
0.0002601146697998047
0.00029969215393066406
0.00033092498779296875
0.0003268718719482422
0.0008819103240966797
0.0009059906005859375
0.00031113624572753906
0.0003180503845214844
0.0002741813659667969
0.00029206275939941406
0.00026988983154296875
0.0007960796356201172
0.003912925720214844
0.00030112266540527344
0.0003781318664550781
0.00040435791015625
0.00040602684020996094
0.00029087066650390625
0.00032401084899902344
0.0005908012390136719
0.0002849102020263672
0.00039696693420410156
0.00047278404235839844
0.0003440380096435547
0.0003020763397216797
0.0003581047058105469
0.0002970695495605469
0.00026488304138183594
0.00032782554626464844
0.0003161430358886719
0.0002951622009277344
0.0002989768981933594
0.0002932548522949219
0.0003039836883544922
0.0004229545593261719
0.0003039836883544922
0.001399993896484375
0.0008029937744140625
0.0003070831298828125
0.0004961490631103516
0.0004391670227050781
0.0002720355987548828
0.00039505958557128906
0.00037288665771484375
0.0003638267517089844
0.00029921531677246094
0.00024127960205078125
0.0002989768981933594
0.0003006458282470703
0.00024890899658203125
0.0003120899200439453
0.0003173351287841797
0.0002949237823486328
0.0003147125244140625
0.00030994415283203125
0.0003008842468261719
0.00023603439331054688
0.0002770423889160156
0.00030493736267089844
0.00027108192443847656
0.00028204917907714844
0.0005018711090087891
0.0012316703796386719
0.0005018711090087891
0.0008568763732910156
0.0008270740509033203
0.0003383159637451172
0.0005269050598144531
0.0002827644348144531
0.00024509429931640625
0.0002391338348388672
0.00026917457580566406
0.0002460479736328125
0.00029277801513671875
0.0004107952117919922
0.0002701282501220703
0.00030803680419921875
0.0002319812774658203
0.0002620220184326172
0.0003693103790283203
0.00026535987854003906
0.0002598762512207031
0.0002281665802001953
0.00024080276489257812
0.0002090930938720703
0.0002658367156982422
0.000293731689453125
0.00022411346435546875
0.0002689361572265625
0.00023698806762695312
0.00025010108947753906
0.0002129077911376953
0.00026702880859375
0.00022792816162109375
0.00022792816162109375
0.00024008750915527344
0.00019502639770507812
0.00026798248291015625
0.0004000663757324219
0.0002739429473876953
0.0003209114074707031
0.0002548694610595703
0.00026702880859375
0.00025582313537597656
0.0002512931823730469
0.00031495094299316406
0.0006263256072998047
0.0003058910369873047
0.00034427642822265625
0.00029206275939941406
0.00027370452880859375
0.0002779960632324219
0.00026798248291015625
0.0002980232238769531
0.0002560615539550781
0.00028586387634277344
0.0003592967987060547
0.0002639293670654297
0.00028586387634277344
0.0002601146697998047
0.0002899169921875
0.0002579689025878906
0.0003008842468261719
0.0003941059112548828
0.00025177001953125
0.0002751350402832031
0.00030732154846191406
0.00029015541076660156
0.0002758502960205078
0.0002779960632324219
0.00029969215393066406
0.010737895965576172
0.0002498626708984375
0.0002598762512207031
0.0002758502960205078
0.0003349781036376953
0.00028061866760253906
0.000286102294921875
0.00032782554626464844
0.0002899169921875
0.0002789497375488281
0.0003662109375
0.000270843505859375
0.0002429485321044922
0.0003218650817871094
0.0003199577331542969
0.00028705596923828125
0.0002930164337158203
0.0002238750457763672
0.0002741813659667969
0.0002617835998535156
0.00026488304138183594
0.0002751350402832031
0.0002460479736328125
0.0002932548522949219
0.0005571842193603516
0.0005459785461425781
0.0002598762512207031
0.0002639293670654297
0.0002810955047607422
0.0002658367156982422
0.00022912025451660156
0.0002560615539550781
0.00020694732666015625
0.00024199485778808594
0.0003211498260498047
0.00026702880859375
0.0002338886260986328
0.0002689361572265625
0.0002560615539550781
0.00024390220642089844
0.00027680397033691406
0.00025391578674316406
0.0003509521484375
0.00024390220642089844
0.00026917457580566406
0.0002219676971435547
0.0002510547637939453
0.0002570152282714844
0.00024080276489257812
0.00022983551025390625
0.0002541542053222656
0.0002548694610595703
0.0002770423889160156
0.00029206275939941406
0.0002689361572265625
0.00029015541076660156
0.0002818107604980469
0.0002739429473876953
0.00026869773864746094
0.00026702880859375
0.0002701282501220703
0.000240325927734375
0.00026702880859375
0.000244140625
0.00025081634521484375
0.00031113624572753906
0.0002200603485107422
0.00037980079650878906
0.00022077560424804688
0.0002460479736328125
0.00023508071899414062
0.0002620220184326172
0.0002658367156982422
0.0002677440643310547
0.0002601146697998047
0.0002541542053222656
0.00025010108947753906
0.0002620220184326172
0.00034689903259277344
0.00028014183044433594
0.0002720355987548828
0.0002701282501220703
0.0002989768981933594
0.00027871131896972656
0.00026607513427734375
0.00026917457580566406
0.0002429485321044922
0.0002079010009765625
0.00023794174194335938
0.0002639293670654297
0.0002617835998535156
0.00026798248291015625
0.0002720355987548828
0.00023412704467773438
0.00019502639770507812
0.00025391578674316406
0.0002269744873046875
0.0002200603485107422
0.00026917457580566406
0.0002129077911376953
0.00025391578674316406
0.0002372264862060547
0.00024390220642089844
0.0002770423889160156
0.0003609657287597656
0.000270843505859375
0.0002751350402832031
0.0002620220184326172
0.00023865699768066406
0.00026607513427734375
0.0002460479736328125
0.00024580955505371094
0.00023889541625976562
0.00027179718017578125
0.00022983551025390625
0.00024819374084472656
0.00020885467529296875
0.00025010108947753906
0.0001862049102783203
0.00025081634521484375
0.00019288063049316406
0.0002586841583251953
0.00024509429931640625
0.00030112266540527344
0.0002627372741699219
0.00026607513427734375
0.0002586841583251953
0.00023889541625976562
0.00024700164794921875
0.00023984909057617188
0.00024080276489257812
0.00030493736267089844
0.0002827644348144531
0.00027489662170410156
0.00027298927307128906
0.00028395652770996094
0.0002548694610595703
0.000247955322265625
0.0002129077911376953
0.00024390220642089844
0.00024199485778808594
0.000247955322265625
0.0003199577331542969
0.00025081634521484375
0.00023603439331054688
0.0002789497375488281
0.0002560615539550781
0.00027489662170410156
0.0003819465637207031
0.0002951622009277344
0.0002818107604980469
0.00026297569274902344
0.0002741813659667969
0.0002720355987548828
0.0002529621124267578
0.00022101402282714844
0.00024080276489257812
0.0002491474151611328
0.0002319812774658203
0.00021719932556152344
0.00023818016052246094
0.0002658367156982422
0.0002751350402832031
0.00028395652770996094
0.00026607513427734375
0.0002276897430419922
0.00023603439331054688
0.0001990795135498047
0.0002579689025878906
0.0002300739288330078
0.00024771690368652344
0.00020885467529296875
0.0002338886260986328
0.00021195411682128906
0.0002727508544921875
0.00021505355834960938
0.0002529621124267578
0.00019812583923339844
0.0002319812774658203
0.00018978118896484375
0.0002608299255371094
0.0002200603485107422
0.00023293495178222656
0.00021076202392578125
0.0002338886260986328
0.0001900196075439453
0.00023508071899414062
0.0002548694610595703
0.0002467632293701172
0.0002319812774658203
0.00020122528076171875
0.00019097328186035156
0.0002522468566894531
0.0003509521484375
0.0002689361572265625
0.0002701282501220703
0.0002589225769042969
0.00025391578674316406
0.00024199485778808594
0.0002269744873046875
0.0002498626708984375
0.0002779960632324219
0.00026702880859375
0.0002639293670654297
0.00025177001953125
0.0002841949462890625
0.0003199577331542969
0.00029015541076660156
0.0003101825714111328
0.0003020763397216797
0.0002779960632324219
0.0002579689025878906
0.0002570152282714844
0.00025200843811035156
0.00024509429931640625
0.0002779960632324219
0.00026416778564453125
0.0002880096435546875
0.0002570152282714844
0.0003237724304199219
0.0002720355987548828
0.00025391578674316406
0.0002779960632324219
0.00028014183044433594
0.0002770423889160156
0.0003418922424316406
0.0003829002380371094
0.00024199485778808594
0.0002810955047607422
0.0002639293670654297
0.00024318695068359375
0.0002281665802001953
0.0002720355987548828
0.00022983551025390625
0.0002491474151611328
0.0002739429473876953
0.00023484230041503906
0.00026488304138183594
0.00024318695068359375
0.000370025634765625
0.0002841949462890625
0.00029587745666503906
0.0003387928009033203
0.0004878044128417969
0.0003609657287597656
0.0003001689910888672
0.00028586387634277344
0.00022792816162109375
0.0003361701965332031
0.0003230571746826172
0.00023603439331054688
0.0002460479736328125
0.0002639293670654297
0.0002696514129638672
0.00028204917907714844
0.00045371055603027344
0.00029397010803222656
0.0002486705780029297
0.0002567768096923828
0.00026416778564453125
0.00025200843811035156
0.0002560615539550781
0.0002276897430419922
0.00023484230041503906
0.00025391578674316406
0.00022411346435546875
0.0002770423889160156
0.0002841949462890625
0.0002779960632324219
0.0003020763397216797
0.0002923011779785156
0.00025391578674316406
0.00030303001403808594
0.0002319812774658203
0.00023865699768066406
0.00021505355834960938
0.0002551078796386719
0.0002486705780029297
0.0002338886260986328
0.00024580955505371094
0.00026416778564453125
0.0004050731658935547
0.0004527568817138672
0.0002682209014892578
0.0002372264862060547
0.0005600452423095703
0.0002288818359375
0.00022912025451660156
0.00019884109497070312
0.00022411346435546875
0.00047516822814941406
0.0009200572967529297
