1684173220.061059
1684173220.0716019
1684173220.081079
1684173220.0913
1684173220.1042361
1684173220.115978
1684173220.127904
1684173220.142548
1684173220.153284
1684173220.1631439
1684173220.173015
1684173220.1820512
1684173220.205469
1684173220.2138371
1684173220.221735
1684173220.230578
1684173220.239051
1684173220.26879
1684173220.3195279
1684173220.34437
1684173220.356895
1684173220.366883
1684173220.376534
1684173220.385771
1684173220.395026
1684173220.404782
1684173220.413684
1684173220.42297
1684173220.432399
1684173220.441914
1684173220.450722
1684173220.460275
1684173220.469841
1684173220.485481
1684173220.495265
1684173220.505103
1684173220.514624
1684173220.525331
1684173220.535548
1684173220.5456262
1684173220.556641
1684173220.566895
1684173220.5763562
1684173220.5858188
1684173220.5956638
1684173220.6070201
1684173220.617929
1684173220.633139
1684173220.644622
1684173220.654859
1684173220.664664
1684173220.673588
1684173220.681789
1684173220.690021
1684173220.698408
1684173220.706642
1684173220.714302
1684173220.722474
1684173220.730416
1684173220.742877
1684173220.750846
1684173220.758803
1684173220.767574
1684173220.7766972
1684173220.786861
1684173220.795892
1684173220.806506
1684173220.8160372
1684173220.825571
1684173220.83498
1684173220.843883
1684173220.8536909
1684173220.862558
1684173220.8723571
1684173220.881651
1684173220.890605
1684173220.8993778
1684173220.908183
1684173220.917783
1684173220.927358
1684173220.936598
1684173220.946548
1684173220.955677
1684173220.964832
1684173220.974556
1684173220.984254
1684173220.994617
1684173221.00416
1684173221.0134
1684173221.022721
1684173221.0321229
1684173221.042002
1684173221.052317
1684173221.061514
1684173221.0710158
1684173221.086723
1684173221.096082
1684173221.1057012
1684173221.115238
1684173221.124531
1684173221.141391
1684173221.164258
1684173221.184225
1684173221.205036
1684173221.225279
1684173221.237469
1684173221.2477992
1684173221.257824
1684173221.267259
1684173221.277653
1684173221.287756
1684173221.2971
1684173221.3066702
1684173221.3165498
1684173221.326518
1684173221.335993
1684173221.345619
1684173221.355659
1684173221.36626
1684173221.376126
1684173221.3869598
1684173221.397279
1684173221.406951
1684173221.416469
1684173221.425766
1684173221.435039
1684173221.4439511
1684173221.4524028
1684173221.460551
1684173221.4688551
1684173221.478059
1684173221.486764
1684173221.4956439
1684173221.504545
1684173221.512883
1684173221.522302
1684173221.530774
1684173221.539506
1684173221.548169
1684173221.557643
1684173221.566009
1684173221.575003
1684173221.583937
1684173221.5927901
1684173221.6012669
1684173221.610305
1684173221.6191108
1684173221.6343
1684173221.6431732
1684173221.652062
1684173221.661555
1684173221.6700659
1684173221.6784651
1684173221.6868422
1684173221.697166
1684173221.707176
1684173221.716815
1684173221.7265868
1684173221.735156
1684173221.744222
1684173221.753126
1684173221.7616901
1684173221.770415
1684173221.782391
1684173221.7902899
1684173221.799196
1684173221.807795
1684173221.8166778
1684173221.825454
1684173221.834469
1684173221.843425
1684173221.8521988
1684173221.860894
1684173221.8698308
1684173221.879115
1684173221.893854
1684173221.913023
1684173221.929667
1684173221.947979
1684173221.9616299
1684173221.972425
1684173221.982442
1684173221.9920352
1684173222.00174
1684173222.012343
1684173222.023492
1684173222.034642
1684173222.04456
1684173222.054364
1684173222.063749
1684173222.073645
1684173222.083261
1684173222.093133
1684173222.10321
1684173222.11311
1684173222.122744
1684173222.132331
1684173222.1424918
1684173222.152479
1684173222.161927
1684173222.17172
1684173222.1818
1684173222.192079
1684173222.20225
1684173222.2139142
1684173222.225672
1684173222.234808
1684173222.243721
1684173222.2519019
1684173222.262463
1684173222.2721019
1684173222.281635
1684173222.2914612
1684173222.301066
1684173222.30992
1684173222.319202
1684173222.3286002
1684173222.338233
1684173222.347662
1684173222.357204
1684173222.366303
1684173222.375979
1684173222.385252
1684173222.3949819
1684173222.404581
1684173222.4141471
1684173222.4245381
1684173222.4342191
1684173222.4432058
1684173222.45119
1684173222.459421
1684173222.4672499
1684173222.475858
1684173222.484117
1684173222.492265
1684173222.500442
1684173222.510459
1684173222.520117
1684173222.529033
1684173222.537375
1684173222.5461571
1684173222.554282
1684173222.562421
1684173222.570555
1684173222.5795252
1684173222.587561
1684173222.595305
1684173222.603227
1684173222.6119459
1684173222.620689
1684173222.629507
1684173222.638603
1684173222.647969
1684173222.657017
1684173222.665565
1684173222.673565
1684173222.684942
1684173222.694693
1684173222.7032661
1684173222.7113369
1684173222.7248042
1684173222.7335732
1684173222.743778
1684173222.7522051
1684173222.761345
1684173222.769887
1684173222.777429
1684173222.784907
1684173222.793709
1684173222.8033469
1684173222.812714
1684173222.822146
1684173222.831681
1684173222.840734
1684173222.8500311
1684173222.860311
1684173222.8703501
1684173222.880501
1684173222.890115
1684173222.89948
1684173222.909209
1684173222.919295
1684173222.929184
1684173222.939583
1684173222.949867
1684173222.960607
1684173222.9795399
1684173222.990384
1684173223.0002382
1684173223.010614
1684173223.019756
1684173223.029145
1684173223.038835
1684173223.0481322
1684173223.057761
1684173223.0672581
1684173223.0771468
1684173223.0873442
1684173223.098287
1684173223.1093109
1684173223.119149
1684173223.1292942
1684173223.138946
1684173223.1486511
1684173223.159067
1684173223.168139
1684173223.1774468
1684173223.186921
1684173223.196396
1684173223.206193
1684173223.215513
1684173223.226332
1684173223.242551
1684173223.256309
1684173223.267134
1684173223.2772758
1684173223.286984
1684173223.2968
1684173223.3069718
1684173223.3171499
1684173223.328136
1684173223.3391008
1684173223.349461
1684173223.359814
1684173223.370657
1684173223.380657
1684173223.39005
1684173223.399722
1684173223.409042
1684173223.4189491
1684173223.429027
1684173223.439166
1684173223.4491782
1684173223.459351
1684173223.469393
1684173223.478608
1684173223.48752
1684173223.496713
1684173223.5061262
1684173223.516982
1684173223.527015
1684173223.5383182
1684173223.554641
1684173223.5641248
1684173223.574222
1684173223.583311
1684173223.593915
1684173223.603328
1684173223.613336
1684173223.62322
1684173223.6323452
1684173223.64231
1684173223.651505
1684173223.6601331
1684173223.668097
1684173223.679918
1684173223.687752
1684173223.69602
1684173223.703873
1684173223.712311
1684173223.720831
1684173223.729238
1684173223.736744
1684173223.745923
1684173223.755247
1684173223.765836
1684173223.7764962
1684173223.786453
1684173223.7966669
1684173223.809725
1684173223.825479
1684173223.8403132
1684173223.8524082
1684173223.862915
1684173223.872419
1684173223.88198
1684173223.891645
1684173223.901418
1684173223.910493
1684173223.9199622
1684173223.929158
1684173223.938402
1684173223.9476879
1684173223.956269
1684173223.965847
1684173223.975698
1684173223.984978
1684173223.994564
1684173224.004302
1684173224.013731
1684173224.023157
1684173224.033251
1684173224.04263
1684173224.052316
1684173224.0641978
1684173224.075388
1684173224.085456
1684173224.095627
1684173224.105
1684173224.1145868
1684173224.124244
1684173224.133538
1684173224.143063
1684173224.153749
1684173224.163342
1684173224.172467
1684173224.182024
1684173224.1924422
1684173224.202066
1684173224.2113411
1684173224.220491
1684173224.2298229
1684173224.2394948
1684173224.2484329
1684173224.258451
1684173224.268199
1684173224.2775302
1684173224.286932
1684173224.297251
1684173224.306956
1684173224.3164868
1684173224.326133
1684173224.335756
1684173224.345681
1684173224.356245
1684173224.366595
1684173224.375527
1684173224.384161
1684173224.3933299
1684173224.402509
1684173224.412441
1684173224.421804
1684173224.43665
1684173224.44489
1684173224.4529731
1684173224.4606621
1684173224.467998
1684173224.4755998
1684173224.4835289
1684173224.490645
1684173224.497855
1684173224.505206
1684173224.512994
1684173224.520607
1684173224.528648
1684173224.5424268
1684173224.553993
1684173224.5654871
1684173224.574087
1684173224.582017
1684173224.5904179
1684173224.6002529
1684173224.609809
1684173224.619017
1684173224.627349
1684173224.634908
1684173224.642663
1684173224.650264
1684173224.658271
1684173224.6661189
1684173224.674003
1684173224.682446
1684173224.692152
1684173224.701982
1684173224.712089
1684173224.722107
1684173224.73124
1684173224.741142
1684173224.750438
1684173224.759799
1684173224.769345
1684173224.779632
1684173224.788853
1684173224.798017
1684173224.807324
1684173224.816693
1684173224.826734
1684173224.837332
1684173224.847871
1684173224.866862
1684173224.877573
1684173224.889291
1684173224.899782
1684173224.909916
1684173224.919343
1684173224.92945
1684173224.939407
1684173224.949381
1684173224.959659
1684173224.97008
1684173224.981289
1684173224.99169
1684173225.0030808
1684173225.0131981
1684173225.0240362
1684173225.034174
1684173225.0441148
1684173225.054729
1684173225.0649118
1684173225.075166
1684173225.084776
1684173225.094871
1684173225.104901
1684173225.114762
1684173225.127191
1684173225.14043
1684173225.1561768
1684173225.168881
1684173225.179863
1684173225.1900768
1684173225.2001832
1684173225.2102149
1684173225.221301
1684173225.231311
1684173225.2478971
1684173225.256705
1684173225.264727
1684173225.273155
1684173225.281366
1684173225.289666
1684173225.298709
1684173225.3073852
1684173225.315422
1684173225.3239748
1684173225.3323479
1684173225.340707
1684173225.364251
1684173225.374662
1684173225.384712
1684173225.395359
1684173225.405071
1684173225.414668
1684173225.422791
1684173225.430995
1684173225.4384909
1684173225.446038
1684173225.454829
1684173225.4637692
1684173225.473226
1684173225.481318
1684173225.4896681
1684173225.497393
1684173225.504975
1684173225.511837
1684173225.518547
1684173225.5262148
1684173225.533961
1684173225.542251
1684173225.5517561
1684173225.560905
1684173225.569728
1684173225.5788748
1684173225.587845
1684173225.5972512
1684173225.606642
1684173225.617719
1684173225.629268
1684173225.6398022
1684173225.6483588
1684173225.656478
1684173225.664372
1684173225.671409
1684173225.68082
1684173225.6894112
1684173225.697133
1684173225.71245
1684173225.726826
1684173225.7383978
1684173225.748265
1684173225.757916
1684173225.7674618
1684173225.77689
1684173225.787148
1684173225.797085
1684173225.8076391
1684173225.817611
1684173225.828248
1684173225.8379772
1684173225.8479428
1684173225.857978
1684173225.867912
1684173225.877506
1684173225.8877828
1684173225.8989902
1684173225.9088619
1684173225.919028
1684173225.93046
1684173225.940592
1684173225.9507892
1684173225.962146
1684173225.972712
1684173225.990218
1684173226.0002198
1684173226.0103948
1684173226.020389
1684173226.0312588
1684173226.041161
1684173226.051181
1684173226.0604868
1684173226.071372
1684173226.082349
1684173226.09327
1684173226.1030889
1684173226.1130319
1684173226.123092
1684173226.1335711
1684173226.144027
1684173226.154978
1684173226.164072
1684173226.173354
1684173226.1828742
1684173226.192202
1684173226.201718
1684173226.214377
1684173226.2246568
1684173226.238118
1684173226.248897
1684173226.258345
1684173226.2679439
1684173226.276453
1684173226.285794
1684173226.2956648
1684173226.3056672
1684173226.314593
1684173226.323225
1684173226.346591
1684173226.357125
1684173226.367462
1684173226.376863
1684173226.386496
1684173226.395312
1684173226.4043992
1684173226.414484
1684173226.423479
1684173226.432687
1684173226.441749
1684173226.451366
1684173226.4609349
1684173226.470155
1684173226.4906912
1684173226.513664
1684173226.523403
1684173226.532845
1684173226.5415812
1684173226.550574
1684173226.5598452
1684173226.569976
1684173226.579502
1684173226.5894332
1684173226.5994391
1684173226.608153
1684173226.617441
1684173226.6267679
1684173226.636317
1684173226.645943
1684173226.655469
1684173226.66464
1684173226.674094
1684173226.6832042
1684173226.6924648
1684173226.7018619
1684173226.7111921
1684173226.734848
1684173226.7581031
1684173226.770525
1684173226.781076
1684173226.791322
1684173226.8015091
1684173226.820268
1684173226.8369558
1684173226.849462
1684173226.860406
1684173226.875394
1684173226.88581
1684173226.898488
1684173226.9083588
1684173226.918699
1684173226.928734
1684173226.9388611
1684173226.948776
1684173226.959101
1684173226.970402
1684173226.9841769
1684173226.9961421
1684173227.0065868
1684173227.0164108
1684173227.026743
1684173227.036706
1684173227.0477629
1684173227.0587919
1684173227.068704
1684173227.0795252
1684173227.0897431
1684173227.100251
1684173227.1099331
1684173227.119601
1684173227.129205
1684173227.138887
1684173227.149087
1684173227.159528
1684173227.169845
1684173227.179438
1684173227.188652
1684173227.199888
1684173227.211671
1684173227.222095
1684173227.233523
1684173227.243958
1684173227.25423
1684173227.264857
1684173227.2758641
1684173227.2866628
1684173227.29618
1684173227.306432
1684173227.317224
1684173227.3286028
1684173227.339948
1684173227.350215
1684173227.360947
1684173227.384493
1684173227.399457
1684173227.410345
1684173227.420374
1684173227.43018
1684173227.441015
1684173227.451324
1684173227.462251
1684173227.472468
1684173227.482763
1684173227.492204
1684173227.502023
1684173227.511613
1684173227.520881
1684173227.530442
1684173227.5396008
1684173227.549043
1684173227.5581498
1684173227.568139
1684173227.577879
1684173227.588137
1684173227.599522
1684173227.610668
1684173227.622543
1684173227.634167
1684173227.6454139
1684173227.656375
1684173227.666333
1684173227.6759539
1684173227.684659
1684173227.6921759
1684173227.700315
1684173227.708501
1684173227.716455
1684173227.724737
1684173227.7333272
1684173227.741825
1684173227.750726
1684173227.763017
1684173227.771421
1684173227.779582
1684173227.78822
1684173227.797049
1684173227.8057768
1684173227.815059
1684173227.8243399
1684173227.833827
1684173227.8432121
1684173227.852337
1684173227.8618612
1684173227.870496
1684173227.880193
1684173227.891984
1684173227.903414
1684173227.913461
1684173227.923417
1684173227.932601
1684173227.941835
1684173227.950806
1684173227.960129
1684173227.9697258
1684173227.978955
1684173227.988566
1684173227.997876
1684173228.0069919
1684173228.016999
1684173228.0275369
1684173228.04017
1684173228.049917
1684173228.060309
1684173228.069778
1684173228.07954
1684173228.0892138
1684173228.0978382
1684173228.1072488
1684173228.117957
1684173228.1287732
1684173228.139153
1684173228.148648
1684173228.1580539
1684173228.16694
1684173228.176119
1684173228.1854799
1684173228.1940212
1684173228.203687
1684173228.212416
1684173228.22135
1684173228.2311602
1684173228.240986
1684173228.250088
1684173228.259146
1684173228.268269
1684173228.2775931
1684173228.2864032
1684173228.2950249
1684173228.303227
1684173228.3121128
1684173228.321642
1684173228.331291
1684173228.3399522
1684173228.349204
1684173228.3586738
1684173228.3680902
1684173228.377578
1684173228.387634
1684173228.3984158
1684173228.408733
1684173228.417797
1684173228.427105
1684173228.4367092
1684173228.445966
1684173228.456956
1684173228.467278
1684173228.4764218
1684173228.485461
1684173228.4946911
1684173228.5042639
1684173228.513283
1684173228.52251
1684173228.5314822
1684173228.540467
1684173228.5497448
1684173228.558667
1684173228.5679722
1684173228.57785
1684173228.587611
1684173228.597512
1684173228.606723
1684173228.6164212
1684173228.632994
1684173228.6417458
1684173228.651362
1684173228.660175
1684173228.6686862
1684173228.677255
1684173228.6855218
1684173228.694011
1684173228.7023911
1684173228.710324
1684173228.718275
1684173228.726418
1684173228.73502
1684173228.7434602
1684173228.751729
1684173228.761423
1684173228.771761
1684173228.780719
1684173228.789802
1684173228.7979279
1684173228.806923
1684173228.815038
1684173228.824707
1684173228.833481
1684173228.842355
1684173228.85027
1684173228.8594072
1684173228.8683991
1684173228.8781178
1684173228.888151
1684173228.896846
1684173228.906209
1684173228.914616
1684173228.9225512
1684173228.9309928
1684173228.939568
1684173228.947722
1684173228.9563599
1684173228.9645288
1684173228.973153
1684173228.982116
1684173228.9918709
1684173229.001937
1684173229.011338
1684173229.0201468
1684173229.028692
1684173229.0371468
1684173229.045613
1684173229.053834
1684173229.061829
1684173229.070611
1684173229.079307
1684173229.087425
1684173229.095716
1684173229.1037781
1684173229.11215
1684173229.1208692
1684173229.1296809
1684173229.138496
1684173229.1472158
1684173229.156107
1684173229.164783
1684173229.173779
1684173229.1826491
1684173229.192236
1684173229.201687
1684173229.211723
1684173229.2216551
1684173229.231968
1684173229.244194
1684173229.259829
1684173229.275223
1684173229.291287
1684173229.302144
1684173229.3123982
1684173229.323043
1684173229.3333912
1684173229.343673
1684173229.353473
1684173229.364434
1684173229.376181
1684173229.386909
1684173229.3969731
1684173229.4070332
1684173229.416403
1684173229.42606
1684173229.434305
1684173229.441837
1684173229.449119
1684173229.4562728
1684173229.462828
1684173229.47015
1684173229.477558
1684173229.485049
1684173229.492629
1684173229.500245
1684173229.507605
1684173229.515284
1684173229.522717
1684173229.529759
1684173229.5367591
1684173229.543954
1684173229.551423
1684173229.558532
1684173229.56605
1684173229.5737119
1684173229.581467
1684173229.589046
1684173229.596319
1684173229.6032362
1684173229.6108701
1684173229.6180549
1684173229.62528
1684173229.632989
1684173229.641033
1684173229.648907
1684173229.656738
1684173229.665199
1684173229.673718
1684173229.6830678
1684173229.69271
1684173229.702152
1684173229.7128708
1684173229.722343
1684173229.7323809
1684173229.7435782
1684173229.755404
1684173229.765391
1684173229.7756858
1684173229.785857
1684173229.795497
1684173229.805639
1684173229.8172731
1684173229.829243
1684173229.840023
1684173229.851118
1684173229.868188
1684173229.8783941
1684173229.888115
1684173229.899449
1684173229.90993
1684173229.920518
1684173229.930497
1684173229.9403121
1684173229.950152
1684173229.9606268
1684173229.970298
1684173229.979937
1684173229.989598
1684173229.999764
1684173230.0097961
1684173230.019128
1684174493.154758
1684174530.7564201
1684174555.69956
1684174580.171277
1684174580.182977
1684174580.192887
1684174580.2021718
1684174580.211534
1684174580.2209861
1684174580.230839
1684174580.240583
1684174580.252481
1684174580.2641768
1684174580.27539
1684174580.286603
1684174580.298222
1684174580.3079932
1684174580.3181188
1684174580.329164
1684174580.341345
1684174580.353836
1684174580.3644822
1684174580.374499
1684174580.384353
1684174580.394262
1684174580.403481
1684174580.4124658
1684174580.4219341
1684174580.442058
1684174580.4516711
1684174580.461389
1684174580.471512
1684174580.482058
1684174580.491039
1684174580.500758
1684174580.511769
1684174580.520923
1684174580.529407
1684174580.543552
1684174580.56321
1684174580.5730078
1684174580.582331
1684174580.594294
1684174580.603158
1684174580.611913
1684174580.619979
1684174580.628329
1684174580.636909
1684174580.645042
1684174580.6534662
1684174580.661844
1684174580.670152
1684174580.679681
1684174580.689347
1684174580.699467
1684174580.709213
1684174580.718832
1684174580.728079
1684174580.7375271
1684174580.746602
1684174580.75579
1684174580.7656598
1684174580.775197
1684174580.785017
1684174580.7945962
1684174580.803563
1684174580.812972
1684174580.824068
1684174580.834879
1684174580.8449988
1684174580.855357
1684174580.864546
1684174580.873447
1684174580.8822348
1684174580.891307
1684174580.900186
1684174580.909641
1684174580.91856
1684174580.927331
1684174580.936864
1684174580.946794
1684174580.955953
1684174580.966059
1684174580.974988
1684174580.9839208
1684174580.993243
1684174581.002508
1684174581.011759
1684174581.023873
1684174581.033945
1684174581.042356
1684174581.050657
1684174581.062948
1684174581.0701618
1684174581.077489
1684174581.08556
1684174581.093044
1684174581.101006
1684174581.108892
1684174581.115857
1684174581.12354
1684174581.130815
1684174581.1388621
1684174581.146579
1684174581.155586
1684174581.164448
1684174581.174298
1684174581.183468
1684174581.192658
1684174581.202393
1684174581.211204
1684174581.220308
1684174581.229891
1684174581.238691
1684174581.2479239
1684174581.257246
1684174581.266634
1684174581.2759612
1684174581.287128
1684174581.299039
1684174581.3093781
1684174581.320139
1684174581.3293388
1684174581.339243
1684174581.349422
1684174581.359942
1684174581.3709812
1684174581.38213
1684174581.391642
1684174581.403372
1684174581.413974
1684174581.4256709
1684174581.4364622
1684174581.446306
1684174581.4569988
1684174581.467115
1684174581.477716
1684174581.487732
1684174581.496885
1684174581.506454
1684174581.516177
1684174581.525166
1684174581.535182
1684174581.545024
1684174581.55472
1684174581.564366
1684174581.574293
1684174581.583928
1684174581.595906
1684174581.607197
1684174581.618475
1684174581.628648
1684174581.637866
1684174581.646931
1684174581.656262
1684174581.665192
1684174581.6753159
1684174581.685111
1684174581.6946309
1684174581.704046
1684174581.714068
1684174581.7237918
1684174581.7334158
1684174581.743009
1684174581.7523131
1684174581.761415
1684174581.7713778
1684174581.781506
1684174581.7913651
1684174581.801238
1684174581.810542
1684174581.8209019
1684174581.8305962
1684174581.840271
1684174581.8513799
1684174581.8614998
1684174581.871546
1684174581.880895
1684174581.889605
1684174581.898946
1684174581.907831
1684174581.917165
1684174581.9262989
1684174581.9361222
1684174581.945091
1684174581.9543839
1684174581.963886
1684174581.9732091
1684174581.98272
1684174581.992546
1684174582.002835
1684174582.0117278
1684174582.021183
1684174582.030475
1684174582.0399392
1684174582.048308
1684174582.056661
1684174582.0638552
1684174582.071858
1684174582.079751
1684174582.087414
1684174582.095104
1684174582.103026
1684174582.110896
1684174582.1188679
1684174582.132598
1684174582.1413078
1684174582.149732
1684174582.158632
1684174582.1683881
1684174582.179264
1684174582.189413
1684174582.198695
1684174582.2078269
1684174582.218362
1684174582.228975
1684174582.2442958
1684174582.264874
1684174582.283145
1684174582.2939992
1684174582.304966
1684174582.3261042
1684174582.336538
1684174582.346069
1684174582.355716
1684174582.365636
1684174582.376263
1684174582.386755
1684174582.396224
1684174582.406244
1684174582.4160562
1684174582.437181
1684174582.458768
1684174582.478689
1684174582.488818
1684174582.498523
1684174582.508441
1684174582.5182972
1684174582.528115
1684174582.537258
1684174582.546983
1684174582.556211
1684174582.56572
1684174582.574976
1684174582.587897
1684174582.597846
1684174582.6078742
1684174582.61851
1684174582.6283772
1684174582.638782
1684174582.6487522
1684174582.65914
1684174582.669188
1684174582.679647
1684174582.6895611
1684174582.698774
1684174582.707901
1684174582.7171369
1684174582.727029
1684174582.7362628
1684174582.745214
1684174582.754808
1684174582.764436
1684174582.773974
1684174582.783652
1684174582.793699
1684174582.803651
1684174582.813621
1684174582.823782
1684174582.834091
1684174582.8442502
1684174582.8544881
1684174582.863926
1684174582.873589
1684174582.884033
1684174582.893377
1684174582.902984
1684174582.914905
1684174582.934434
1684174582.965935
1684174582.975559
1684174582.9855769
1684174582.993931
1684174583.001576
1684174583.0091252
1684174583.0173812
1684174583.026176
1684174583.035829
1684174583.045092
1684174583.0551429
1684174583.064521
1684174583.074123
1684174583.083918
1684174583.093298
1684174583.102829
1684174583.112202
1684174583.1219819
1684174583.134179
1684174583.1471202
1684174583.1594481
1684174583.1740642
1684174583.184132
1684174583.1971252
1684174583.207289
1684174583.217151
1684174583.226923
1684174583.236971
1684174583.246954
1684174583.263767
1684174583.299249
1684174583.3107579
1684174583.320592
1684174583.330091
1684174583.339869
1684174583.349382
1684174583.358805
1684174583.368889
1684174583.3788621
1684174583.389138
1684174583.3989491
1684174583.4097972
1684174583.419179
1684174583.428437
1684174583.438426
1684174583.4487512
1684174583.458426
1684174583.4674659
1684174583.476351
1684174583.485578
1684174583.494997
1684174583.5051
1684174583.514935
1684174583.524817
1684174583.534146
1684174583.544251
1684174583.5542889
1684174583.567111
1684174583.5802848
1684174583.59087
1684174583.604254
1684174583.615551
1684174583.627755
1684174583.638326
1684174583.648159
1684174583.657567
1684174583.667117
1684174583.6784482
1684174583.688416
1684174583.697522
1684174583.7078001
1684174583.717534
1684174583.727015
1684174583.737229
1684174583.747041
1684174583.757289
1684174583.767887
1684174583.777523
1684174583.787274
1684174583.7972999
1684174583.807109
1684174583.8168771
1684174583.8266098
1684174583.836642
1684174583.847018
1684174583.8567748
1684174583.865841
1684174583.875468
1684174583.8854458
1684174583.8948421
1684174583.904269
1684174583.91394
1684174583.923569
1684174583.933047
1684174583.9436631
1684174583.953532
1684174583.9648058
1684174583.974582
1684174583.987923
1684174583.997639
1684174584.007259
1684174584.0166469
1684174584.026391
1684174584.034704
1684174584.042835
1684174584.051481
1684174584.05988
1684174584.070902
1684174584.081505
1684174584.093406
1684174584.104445
1684174584.11538
1684174584.12649
1684174584.138719
1684174584.150445
1684174584.1643388
1684174584.17623
1684174584.186393
1684174584.1970382
1684174584.208392
1684174584.219313
1684174584.230422
1684174584.240844
1684174584.251146
1684174584.2612622
1684174584.271483
1684174584.281014
1684174584.291414
1684174584.306093
1684174584.317068
1684174584.345145
1684174584.361228
1684174584.371537
1684174584.380963
1684174584.3902998
1684174584.399147
1684174584.408482
1684174584.417731
1684174584.427159
1684174584.4363542
1684174584.445109
1684174584.4541361
1684174584.463093
1684174584.477412
1684174584.499686
1684174584.513757
1684174584.52772
1684174584.540162
1684174584.5518332
1684174584.562477
1684174584.591059
1684174584.601461
1684174584.611958
1684174584.6212502
1684174584.629746
1684174584.637606
1684174584.6456041
1684174584.653443
1684174584.66015
1684174584.667472
1684174584.675654
1684174584.683203
1684174584.691051
1684174584.698763
1684174584.70694
1684174584.714653
1684174584.722986
1684174584.730551
1684174584.73849
1684174584.7463732
1684174584.75566
1684174584.766628
1684174584.779814
1684174584.789694
1684174584.7979321
1684174584.806047
1684174584.814121
1684174584.8219898
1684174584.830084
1684174584.837984
1684174584.8449988
1684174584.85232
1684174584.859947
1684174584.8670049
1684174584.874463
1684174584.88172
1684174584.8892648
1684174584.897082
1684174584.90493
1684174584.915096
1684174584.926416
1684174584.9390342
1684174584.955224
1684174584.965075
1684174584.974859
1684174584.983812
1684174584.993191
1684174585.0028422
1684174585.012606
1684174585.022453
1684174585.0318022
1684174585.0415502
1684174585.051611
1684174585.0620549
1684174585.0727859
1684174585.084813
1684174585.095304
1684174585.104961
1684174585.114675
1684174585.1246378
1684174585.1343439
1684174585.1435242
1684174585.152637
1684174585.1621308
1684174585.1720278
1684174585.181
1684174585.195811
1684174585.205607
1684174585.214735
1684174585.223732
1684174585.2330089
1684174585.2420459
1684174585.252102
1684174585.261305
1684174585.27039
1684174585.2809181
1684174585.29264
1684174585.3303978
1684174585.343363
1684174585.3552651
1684174585.366017
1684174585.376959
1684174585.387907
1684174585.398828
1684174585.408742
1684174585.418195
1684174585.427459
1684174585.4367628
1684174585.446943
1684174585.456363
1684174585.466244
1684174585.476202
1684174585.486034
1684174585.495567
1684174585.505183
1684174585.5145001
1684174585.524891
1684174585.534464
1684174585.5444312
1684174585.562059
1684174585.5875158
1684174585.607489
1684174585.619391
1684174585.630678
1684174585.6432672
1684174585.654557
1684174585.6644359
1684174585.674143
1684174585.6837592
1684174585.6937711
1684174585.704343
1684174585.716032
1684174585.7268631
1684174585.736295
1684174585.746006
1684174585.756185
1684174585.766329
1684174585.775837
1684174585.7861829
1684174585.796216
1684174585.80674
1684174585.816559
1684174585.826865
1684174585.836412
1684174585.8500822
1684174585.859825
1684174585.870595
1684174585.880752
1684174585.8910038
1684174585.9004931
1684174585.910412
1684174585.9200268
1684174585.929502
1684174585.939745
1684174585.952116
1684174585.965609
1684174585.976769
1684174585.9884522
1684174585.998185
1684174586.006586
1684174586.014986
1684174586.023656
1684174586.031862
1684174586.040097
1684174586.048362
1684174586.056811
1684174586.065464
1684174586.07389
1684174586.081974
1684174586.090367
1684174586.098479
1684174586.1076128
1684174586.115608
1684174586.124647
1684174586.133607
1684174586.14963
1684174586.159128
1684174586.1720588
1684174586.1836212
1684174586.1967418
1684174586.2078452
1684174586.217566
1684174586.2276218
1684174586.23856
1684174586.248338
1684174586.2578602
1684174586.266911
1684174586.276711
1684174586.2875478
1684174586.3004448
1684174586.313604
1684174586.32429
1684174586.333867
1684174586.3437078
1684174586.353364
1684174586.3629172
1684174586.37262
1684174586.382148
1684174586.392803
1684174586.403897
1684174586.413578
1684174586.4232478
1684174586.432634
1684174586.442417
1684174586.4512131
1684174586.460109
1684174586.467823
1684174586.4767969
1684174586.4853399
1684174586.493479
1684174586.5016372
1684174586.5115142
1684174586.521847
1684174586.531992
1684174586.5432162
1684174586.566462
1684174586.5840452
1684174586.595306
1684174586.60659
1684174586.616496
1684174586.626585
1684174586.637845
1684174586.648242
1684174586.6584058
1684174586.669146
1684174586.679334
1684174586.689466
1684174586.699459
1684174586.709868
1684174586.719523
1684174586.729202
1684174586.738967
1684174586.74895
1684174586.759043
1684174586.768849
1684174586.7784278
1684174586.788212
1684174586.798178
1684174586.8081338
1684174586.8177888
1684174586.828286
1684174586.839547
1684174586.851208
1684174586.8617852
1684174586.871548
1684174586.8811252
1684174586.890678
1684174586.899976
1684174586.911335
1684174586.928417
1684174586.9391282
1684174586.949861
1684174586.9599092
1684174586.971029
1684174586.981576
1684174586.992851
1684174587.0034938
1684174587.013501
1684174587.023674
1684174587.040659
1684174587.049977
1684174587.059171
1684174587.067899
1684174587.075815
1684174587.083672
1684174587.091862
1684174587.10008
1684174587.1116521
1684174587.120728
1684174587.1302102
1684174587.140003
1684174587.150246
1684174587.161273
1684174587.179658
1684174587.1930711
1684174587.204132
1684174587.214498
1684174587.224564
1684174587.23406
1684174587.244125
1684174587.253912
1684174587.263675
1684174587.2740722
1684174587.2838132
1684174587.293845
1684174587.3044548
1684174587.313887
1684174587.323702
1684174587.3336031
1684174587.34338
1684174587.3544629
1684174587.364557
1684174587.3741848
1684174587.383311
1684174587.392585
1684174587.401551
1684174587.4109812
1684174587.420085
1684174587.431208
1684174587.4489138
1684174587.462477
1684174587.47555
1684174587.497658
1684174587.5087402
1684174587.519476
1684174587.5302699
1684174587.540763
1684174587.5509272
1684174587.560724
1684174587.570583
1684174587.580082
1684174587.589897
1684174587.599342
1684174587.609061
1684174587.618397
1684174587.628347
1684174587.6378582
1684174587.6473322
1684174587.657127
1684174587.6665442
1684174587.676576
1684174587.686542
1684174587.6956758
1684174587.7058828
1684174587.7157671
1684174587.725066
1684174587.734404
1684174587.743917
1684174587.7531378
1684174587.7624981
1684174587.772667
1684174587.782322
1684174587.792644
1684174587.802519
1684174587.812064
1684174587.822287
1684174587.832274
1684174587.842289
1684174587.851684
1684174587.862046
1684174587.871425
1684174587.8809521
1684174593.533221
1684174610.5067992
1684174610.516767
1684174610.526761
1684174610.536268
1684174610.5458539
1684174610.5558279
1684174610.5651379
1684174610.5751839
1684174610.584818
1684174610.5943198
1684174610.6035662
1684174610.613325
1684174610.6232908
1684174610.633146
1684174610.643061
1684174610.652093
1684174610.662047
1684174610.6714802
1684174610.681217
1684174610.690192
1684174610.6996632
1684174610.709013
1684174610.718463
1684174610.7281651
1684174610.7381399
1684174610.758367
1684174610.7686348
1684174610.778183
1684174610.7881758
1684174610.797127
1684174610.8130748
1684174610.823313
1684174610.834316
1684174610.844704
1684174610.854361
1684174610.8644962
1684174610.874431
1684174610.883361
1684174610.892983
1684174610.902591
1684174610.9123762
1684174610.922584
1684174610.932288
1684174610.9418051
1684174610.951134
1684174610.961304
1684174610.971702
1684174610.981463
1684174610.9912891
1684174611.003113
1684174611.017122
1684174611.030824
1684174611.0391319
1684174611.047887
1684174611.056716
1684174611.0646
1684174611.07357
1684174611.081651
1684174611.090055
1684174611.098494
1684174611.1075552
1684174611.11669
1684174611.125618
1684174611.134871
1684174611.144012
1684174611.153153
1684174611.162622
1684174611.171818
1684174611.181261
1684174611.192675
1684174611.2017379
1684174611.211154
1684174611.2197828
1684174611.228586
1684174611.237139
1684174611.24597
1684174611.255519
1684174611.264981
1684174611.274085
1684174611.28389
1684174611.2945302
1684174611.303933
1684174611.313169
1684174611.3223639
1684174611.331788
1684174611.340985
1684174611.3504431
1684174611.359512
1684174611.3683012
1684174611.377652
1684174611.386986
1684174611.395592
1684174611.4044428
1684174611.4134579
1684174611.42266
1684174611.4321122
1684174611.442364
1684174611.451566
1684174611.460923
1684174611.470297
1684174611.486052
1684174611.495521
1684174611.504472
1684174611.513576
1684174611.522302
1684174611.53184
1684174611.5440881
1684174611.5541089
1684174611.5640378
1684174611.573521
1684174611.583414
1684174611.592511
1684174611.601279
1684174611.611142
1684174611.61997
1684174611.630611
1684174611.6408389
1684174611.650248
1684174611.65932
1684174611.668718
1684174611.678101
1684174611.687083
1684174611.696183
1684174611.705673
1684174611.714756
1684174611.730069
1684174611.7386
1684174611.747381
1684174611.762679
1684174611.7727911
1684174611.783432
1684174611.793359
1684174611.80233
1684174611.8112068
1684174611.82035
1684174611.8291872
1684174611.837695
1684174611.846942
1684174611.8557508
1684174611.8647099
1684174611.873162
1684174611.881643
1684174611.8910642
1684174611.899414
1684174611.908767
1684174611.917888
1684174611.9265249
1684174611.935814
1684174611.945151
1684174611.954635
1684174611.963697
1684174611.9726238
1684174611.9823139
1684174611.991657
1684174612.000725
1684174612.009867
1684174612.018941
1684174612.0296
1684174612.04028
1684174612.0501919
1684174612.059763
1684174612.068579
1684174612.076854
1684174612.0844328
1684174612.092866
1684174612.100708
1684174612.1091719
1684174612.118117
1684174612.1265888
1684174612.135211
1684174612.143588
1684174612.1516101
1684174612.1621609
1684174612.172392
1684174612.182085
1684174612.191175
1684174612.200083
1684174612.208558
1684174612.216628
1684174612.224742
1684174612.232861
1684174612.240949
1684174612.248963
1684174612.2572072
1684174612.265876
1684174612.2739751
1684174612.283489
1684174612.293134
1684174612.302203
1684174612.311486
1684174612.3194408
1684174612.327796
1684174612.335895
1684174612.344256
1684174612.352721
1684174612.3606799
1684174612.3688939
1684174612.377794
1684174612.385917
1684174612.394271
1684174612.402549
1684174612.410759
1684174612.418468
1684174612.426657
1684174612.4348958
1684174612.443881
1684174612.452708
1684174612.460835
1684174612.468886
1684174612.477144
1684174612.485485
1684174612.497206
1684174612.506167
1684174612.5143528
1684174612.522305
1684174612.5298402
1684174612.5375009
1684174612.546574
1684174612.5563111
1684174612.564717
1684174612.5728111
1684174612.581857
1684174612.589422
1684174612.597609
1684174612.606118
1684174612.614748
1684174612.625485
1684174612.634984
1684174612.645588
1684174612.6572318
1684174612.667448
1684174612.679401
1684174612.6901472
1684174612.7000651
1684174612.710784
1684174612.720299
1684174612.7303329
1684174612.7396789
1684174612.749075
1684174612.758639
1684174612.7715578
1684174612.780708
1684174612.790324
1684174612.7995362
1684174612.8089118
1684174612.818882
1684174612.828736
1684174612.838569
1684174612.8500512
1684174612.861273
1684174612.871418
1684174612.8819609
1684174612.890683
1684174612.900364
1684174612.909843
1684174612.918713
1684174612.9276931
1684174612.937121
1684174612.94607
1684174612.953697
1684174612.961851
1684174612.969097
1684174612.976626
1684174612.9840581
1684174612.992605
1684174613.000888
1684174613.009346
1684174613.017494
1684174613.0260239
1684174613.0491588
1684174613.0672672
1684174613.078836
1684174613.088871
1684174613.098808
1684174613.1081321
1684174613.117543
1684174613.126837
1684174613.136831
1684174613.1477828
1684174613.15818
1684174613.1689768
1684174613.178339
1684174613.1876748
1684174613.197126
1684174613.206418
1684174613.216371
1684174613.2256699
1684174613.2350678
1684174613.244525
1684174613.255083
1684174613.26621
1684174613.282967
1684174613.292953
1684174613.302967
1684174613.313379
1684174613.323254
1684174613.333784
1684174613.343682
1684174613.353663
1684174613.3632839
1684174613.372449
1684174613.3820622
1684174613.3917718
1684174613.4019089
1684174613.4119658
1684174613.422341
1684174613.43404
1684174613.4450219
1684174613.4549792
1684174613.464266
1684174613.474155
1684174613.483989
1684174613.493612
1684174613.5028229
1684174613.512104
1684174616.218755
1684174635.515897
