1684173220.060214
1684173220.071172
1684173220.0807629
1684173220.090272
1684173220.103026
1684173220.115212
1684173220.1274838
1684173220.140484
1684173220.152682
1684173220.1627572
1684173220.172642
1684173220.181685
1684173220.1902342
1684173220.2134678
1684173220.221421
1684173220.2297878
1684173220.238712
1684173220.262412
1684173220.3165739
1684173220.344007
1684173220.356447
1684173220.366445
1684173220.3761868
1684173220.385482
1684173220.394681
1684173220.404494
1684173220.413368
1684173220.422513
1684173220.432116
1684173220.4415329
1684173220.45045
1684173220.4599621
1684173220.469514
1684173220.485131
1684173220.4949
1684173220.50475
1684173220.514282
1684173220.524981
1684173220.535178
1684173220.54527
1684173220.556253
1684173220.566547
1684173220.5760121
1684173220.585485
1684173220.595294
1684173220.606279
1684173220.617492
1684173220.6314082
1684173220.643886
1684173220.653902
1684173220.6642728
1684173220.673208
1684173220.681375
1684173220.689653
1684173220.6980412
1684173220.7063758
1684173220.713977
1684173220.7221792
1684173220.7301152
1684173220.742579
1684173220.750539
1684173220.7584589
1684173220.767266
1684173220.7763991
1684173220.786509
1684173220.795521
1684173220.8059788
1684173220.815704
1684173220.825239
1684173220.8345542
1684173220.843565
1684173220.853288
1684173220.862234
1684173220.871972
1684173220.881336
1684173220.890317
1684173220.8991401
1684173220.907821
1684173220.917485
1684173220.927038
1684173220.93622
1684173220.946269
1684173220.955355
1684173220.964501
1684173220.974216
1684173220.983946
1684173220.9941492
1684173221.0035992
1684173221.013068
1684173221.022418
1684173221.031796
1684173221.0416021
1684173221.052014
1684173221.061219
1684173221.070546
1684173221.086257
1684173221.09571
1684173221.105345
1684173221.114902
1684173221.124233
1684173221.138309
1684173221.159892
1684173221.180943
1684173221.20099
1684173221.223155
1684173221.2368891
1684173221.24721
1684173221.257495
1684173221.266978
1684173221.277338
1684173221.287455
1684173221.2967858
1684173221.306305
1684173221.3162282
1684173221.3261561
1684173221.335618
1684173221.345173
1684173221.355351
1684173221.365941
1684173221.37572
1684173221.3863108
1684173221.396922
1684173221.406611
1684173221.416148
1684173221.4252312
1684173221.434677
1684173221.443584
1684173221.452113
1684173221.4601889
1684173221.468555
1684173221.477581
1684173221.486488
1684173221.495314
1684173221.5042372
1684173221.512513
1684173221.521922
1684173221.5305111
1684173221.539189
1684173221.547827
1684173221.557337
1684173221.56574
1684173221.574671
1684173221.583628
1684173221.592437
1684173221.6009421
1684173221.6099641
1684173221.618786
1684173221.6339068
1684173221.6428459
1684173221.651787
1684173221.661215
1684173221.669677
1684173221.678108
1684173221.6863208
1684173221.696797
1684173221.7067149
1684173221.716497
1684173221.726304
1684173221.734806
1684173221.743865
1684173221.7527838
1684173221.761317
1684173221.7700548
1684173221.782042
1684173221.790026
1684173221.798898
1684173221.8074722
1684173221.816277
1684173221.825102
1684173221.833929
1684173221.843084
1684173221.8519108
1684173221.860489
1684173221.869387
1684173221.878792
1684173221.89102
1684173221.912519
1684173221.9281301
1684173221.946031
1684173221.9611819
1684173221.9719949
1684173221.98208
1684173221.991693
1684173222.0014458
1684173222.011986
1684173222.022594
1684173222.034108
1684173222.044096
1684173222.0540102
1684173222.0633678
1684173222.07325
1684173222.082828
1684173222.0927129
1684173222.1029649
1684173222.112721
1684173222.122399
1684173222.1320262
1684173222.1421041
1684173222.152172
1684173222.161552
1684173222.171312
1684173222.1813471
1684173222.1917498
1684173222.2019782
1684173222.2133372
1684173222.2252421
1684173222.2344162
1684173222.243246
1684173222.2515671
1684173222.2621188
1684173222.2717388
1684173222.281335
1684173222.291113
1684173222.3007941
1684173222.30957
1684173222.318891
1684173222.3282518
1684173222.337882
1684173222.3473248
1684173222.3568451
1684173222.365994
1684173222.375652
1684173222.384973
1684173222.394652
1684173222.404214
1684173222.413829
1684173222.4241438
1684173222.4338958
1684173222.442834
1684173222.4508722
1684173222.459116
1684173222.46693
1684173222.4754078
1684173222.483808
1684173222.491894
1684173222.500122
1684173222.509707
1684173222.519255
1684173222.528678
1684173222.536924
1684173222.5457878
1684173222.55399
1684173222.562072
1684173222.570283
1684173222.579217
1684173222.587275
1684173222.594882
1684173222.602947
1684173222.6116061
1684173222.6204002
1684173222.62915
1684173222.638289
1684173222.64765
1684173222.656692
1684173222.665301
1684173222.673214
1684173222.6842828
1684173222.693861
1684173222.702715
1684173222.71078
1684173222.723983
1684173222.732948
1684173222.7425761
1684173222.7518
1684173222.760919
1684173222.7695029
1684173222.777138
1684173222.784692
1684173222.793289
1684173222.803042
1684173222.812395
1684173222.821825
1684173222.8313332
1684173222.8404522
1684173222.8497732
1684173222.859881
1684173222.869987
1684173222.880168
1684173222.8896
1684173222.899185
1684173222.9088562
1684173222.918944
1684173222.928921
1684173222.939001
1684173222.9494998
1684173222.960279
1684173222.97916
1684173222.9899251
1684173222.9998562
1684173223.009987
1684173223.019447
1684173223.028843
1684173223.038341
1684173223.047812
1684173223.057442
1684173223.066962
1684173223.076791
1684173223.086797
1684173223.097694
1684173223.108746
1684173223.118784
1684173223.1289952
1684173223.1386712
1684173223.148329
1684173223.158705
1684173223.16786
1684173223.177115
1684173223.186628
1684173223.196031
1684173223.2058408
1684173223.215221
1684173223.225475
1684173223.2417731
1684173223.255689
1684173223.266678
1684173223.276819
1684173223.2867131
1684173223.296399
1684173223.306565
1684173223.31679
1684173223.3276532
1684173223.338722
1684173223.349087
1684173223.359356
1684173223.370351
1684173223.380312
1684173223.389635
1684173223.399457
1684173223.408732
1684173223.418633
1684173223.428743
1684173223.438849
1684173223.44885
1684173223.459
1684173223.4691231
1684173223.478317
1684173223.4872289
1684173223.4963782
1684173223.505703
1684173223.515966
1684173223.526578
1684173223.5379899
1684173223.5542688
1684173223.563783
1684173223.573768
1684173223.583034
1684173223.593579
1684173223.603039
1684173223.613025
1684173223.6228008
1684173223.632
1684173223.641938
1684173223.651205
1684173223.659807
1684173223.667716
1684173223.679591
1684173223.687393
1684173223.6956701
1684173223.703616
1684173223.711923
1684173223.720495
1684173223.7288551
1684173223.736492
1684173223.745558
1684173223.754772
1684173223.765196
1684173223.776172
1684173223.786088
1684173223.796205
1684173223.808938
1684173223.824158
1684173223.836776
1684173223.852035
1684173223.862463
1684173223.872024
1684173223.8816571
1684173223.891346
1684173223.901094
1684173223.910174
1684173223.9196658
1684173223.928858
1684173223.938118
1684173223.947361
1684173223.955988
1684173223.9655628
1684173223.975363
1684173223.984632
1684173223.9942951
1684173224.004
1684173224.013406
1684173224.0227818
1684173224.032971
1684173224.0422752
1684173224.05202
1684173224.0628421
1684173224.074473
1684173224.085077
1684173224.095212
1684173224.104675
1684173224.1142778
1684173224.123799
1684173224.133253
1684173224.142752
1684173224.153451
1684173224.1630132
1684173224.172208
1684173224.18171
1684173224.192128
1684173224.20173
1684173224.211065
1684173224.220248
1684173224.229561
1684173224.239202
1684173224.24813
1684173224.2580822
1684173224.267916
1684173224.27725
1684173224.2867079
1684173224.2969868
1684173224.30657
1684173224.316146
1684173224.325676
1684173224.335407
1684173224.345355
1684173224.355956
1684173224.366288
1684173224.375166
1684173224.3838358
1684173224.393065
1684173224.4021928
1684173224.412127
1684173224.4214988
1684173224.4363542
1684173224.444572
1684173224.4526799
1684173224.4603121
1684173224.467735
1684173224.4752362
1684173224.483233
1684173224.490345
1684173224.497587
1684173224.504884
1684173224.512667
1684173224.520097
1684173224.5280378
1684173224.54064
1684173224.5528939
1684173224.565093
1684173224.5737321
1684173224.58161
1684173224.589269
1684173224.599657
1684173224.6089149
1684173224.618314
1684173224.626689
1684173224.63444
1684173224.6423411
1684173224.6499531
1684173224.657913
1684173224.665876
1684173224.673655
1684173224.682173
1684173224.691756
1684173224.7016268
1684173224.711692
1684173224.721809
1684173224.7309692
1684173224.740851
1684173224.7500951
1684173224.759383
1684173224.769011
1684173224.779347
1684173224.788609
1684173224.7977479
1684173224.806964
1684173224.816368
1684173224.826422
1684173224.83686
1684173224.8474
1684173224.863725
1684173224.877148
1684173224.8889441
1684173224.899285
1684173224.909471
1684173224.919056
1684173224.929076
1684173224.939082
1684173224.9489899
1684173224.959394
1684173224.9696598
1684173224.9809139
1684173224.991219
1684173225.0027058
1684173225.012863
1684173225.0237231
1684173225.03374
1684173225.043657
1684173225.054462
1684173225.064567
1684173225.0747032
1684173225.0844421
1684173225.0945039
1684173225.104586
1684173225.114421
1684173225.1263518
1684173225.13919
1684173225.153701
1684173225.168233
1684173225.179466
1684173225.1897511
1684173225.19976
1684173225.209887
1684173225.221029
1684173225.230943
1684173225.24755
1684173225.25635
1684173225.26445
1684173225.272811
1684173225.281047
1684173225.2893498
1684173225.298385
1684173225.307032
1684173225.315093
1684173225.323649
1684173225.332007
1684173225.340343
1684173225.349024
1684173225.374387
1684173225.384369
1684173225.395006
1684173225.404742
1684173225.4143481
1684173225.422466
1684173225.430549
1684173225.43816
1684173225.445722
1684173225.453604
1684173225.4627998
1684173225.472597
1684173225.48093
1684173225.489228
1684173225.497026
1684173225.504637
1684173225.51152
1684173225.518222
1684173225.5256808
1684173225.5336692
1684173225.541889
1684173225.55143
1684173225.560561
1684173225.5694668
1684173225.578551
1684173225.587571
1684173225.5969338
1684173225.6063209
1684173225.616865
1684173225.6286762
1684173225.639415
1684173225.647567
1684173225.6560981
1684173225.664049
1684173225.671108
1684173225.6804638
1684173225.688958
1684173225.696689
1684173225.711105
1684173225.724869
1684173225.7378402
1684173225.74796
1684173225.7575722
1684173225.7671459
1684173225.776597
1684173225.786933
1684173225.796714
1684173225.8073118
1684173225.8172731
1684173225.827768
1684173225.8376582
1684173225.847668
1684173225.857545
1684173225.8675451
1684173225.877173
1684173225.887448
1684173225.898529
1684173225.9085262
1684173225.918751
1684173225.9300869
1684173225.940265
1684173225.95035
1684173225.9616451
1684173225.9724312
1684173225.989761
1684173225.999807
1684173226.009942
1684173226.0200288
1684173226.0308979
1684173226.040843
1684173226.050865
1684173226.060173
1684173226.070861
1684173226.082083
1684173226.092819
1684173226.102815
1684173226.112728
1684173226.1227689
1684173226.133255
1684173226.143517
1684173226.1546822
1684173226.163729
1684173226.173014
1684173226.182509
1684173226.191804
1684173226.201364
1684173226.2130911
1684173226.2239308
1684173226.237671
1684173226.2479098
1684173226.257993
1684173226.267622
1684173226.276032
1684173226.285436
1684173226.2951941
1684173226.305227
1684173226.314254
1684173226.322809
1684173226.3426611
1684173226.356471
1684173226.36713
1684173226.376592
1684173226.386212
1684173226.39503
1684173226.404005
1684173226.414067
1684173226.4230762
1684173226.432248
1684173226.441387
1684173226.451038
1684173226.460572
1684173226.46985
1684173226.485213
1684173226.513173
1684173226.523041
1684173226.532498
1684173226.5412
1684173226.550121
1684173226.559527
1684173226.569536
1684173226.579212
1684173226.5889778
1684173226.5989718
1684173226.607881
1684173226.617113
1684173226.626237
1684173226.635853
1684173226.645447
1684173226.655093
1684173226.664201
1684173226.6737669
1684173226.682865
1684173226.6920362
1684173226.701556
1684173226.710796
1684173226.732806
1684173226.757646
1684173226.7700832
1684173226.7805262
1684173226.790977
1684173226.801055
1684173226.818579
1684173226.836618
1684173226.848997
1684173226.859932
1684173226.875058
1684173226.8853362
1684173226.897571
1684173226.907997
1684173226.918242
1684173226.9284532
1684173226.938517
1684173226.948522
1684173226.95877
1684173226.96998
1684173226.983314
1684173226.99561
1684173227.006248
1684173227.016046
1684173227.02622
1684173227.0363781
1684173227.047369
1684173227.058378
1684173227.0682418
1684173227.0791008
1684173227.08933
1684173227.0999649
1684173227.109608
1684173227.1192582
1684173227.1287549
1684173227.138561
1684173227.148753
1684173227.159158
1684173227.1693819
1684173227.17907
1684173227.1883469
1684173227.1991198
1684173227.210729
1684173227.2216918
1684173227.232453
1684173227.2433631
1684173227.2538261
1684173227.26445
1684173227.2756019
1684173227.2863202
1684173227.295874
1684173227.306166
1684173227.316878
1684173227.328088
1684173227.339419
1684173227.349869
1684173227.36037
1684173227.3817952
1684173227.3982
1684173227.409954
1684173227.420033
1684173227.429717
1684173227.4406788
1684173227.4509199
1684173227.4617548
1684173227.472024
1684173227.482406
1684173227.4918358
1684173227.5016088
1684173227.511272
1684173227.520555
1684173227.5300748
1684173227.5393121
1684173227.548757
1684173227.5577931
1684173227.567741
1684173227.577512
1684173227.587577
1684173227.5988271
1684173227.6100512
1684173227.621621
1684173227.633495
1684173227.644332
1684173227.655818
1684173227.666038
1684173227.675595
1684173227.68435
1684173227.691861
1684173227.699991
1684173227.708215
1684173227.716104
1684173227.724396
1684173227.732943
1684173227.7414799
1684173227.750412
1684173227.762679
1684173227.771146
1684173227.779194
1684173227.787895
1684173227.796664
1684173227.8054872
1684173227.8147159
1684173227.8240352
1684173227.833339
1684173227.842839
1684173227.85199
1684173227.861511
1684173227.870157
1684173227.879452
1684173227.89114
1684173227.90241
1684173227.912996
1684173227.9230359
1684173227.932249
1684173227.941479
1684173227.950478
1684173227.9597812
1684173227.969343
1684173227.978642
1684173227.988149
1684173227.997489
1684173228.006641
1684173228.015811
1684173228.026734
1684173228.0394108
1684173228.04939
1684173228.059952
1684173228.0694442
1684173228.07917
1684173228.088894
1684173228.097486
1684173228.106865
1684173228.117429
1684173228.127687
1684173228.1387331
1684173228.148234
1684173228.157731
1684173228.1665869
1684173228.1757839
1684173228.185169
1684173228.19372
1684173228.2032158
1684173228.212141
1684173228.2209558
1684173228.230804
1684173228.240607
1684173228.2497861
1684173228.258805
1684173228.267932
1684173228.277184
1684173228.286106
1684173228.294585
1684173228.3028631
1684173228.3118489
1684173228.321264
1684173228.330959
1684173228.339616
1684173228.348852
1684173228.35836
1684173228.367794
1684173228.377227
1684173228.387039
1684173228.3976572
1684173228.408288
1684173228.4174001
1684173228.4267259
1684173228.436159
1684173228.445418
1684173228.456352
1684173228.466878
1684173228.476129
1684173228.4850602
1684173228.4943402
1684173228.503892
1684173228.5129359
1684173228.52217
1684173228.531104
1684173228.540129
1684173228.549353
1684173228.55841
1684173228.567607
1684173228.577524
1684173228.5872939
1684173228.597148
1684173228.606449
1684173228.61606
1684173228.632681
1684173228.641464
1684173228.6509829
1684173228.6598752
1684173228.66842
1684173228.6769228
1684173228.68524
1684173228.69371
1684173228.70208
1684173228.710072
1684173228.7179341
1684173228.726018
1684173228.73471
1684173228.7431612
1684173228.7513978
1684173228.760946
1684173228.771015
1684173228.780093
1684173228.7894669
1684173228.79758
1684173228.80663
1684173228.81471
1684173228.824411
1684173228.83318
1684173228.841992
1684173228.849969
1684173228.8590589
1684173228.867903
1684173228.877554
1684173228.887562
1684173228.896406
1684173228.9057631
1684173228.914319
1684173228.9222422
1684173228.93064
1684173228.9392629
1684173228.9474509
1684173228.955926
1684173228.964206
1684173228.972791
1684173228.9817731
1684173228.991445
1684173229.001456
1684173229.010655
1684173229.0197241
1684173229.028366
1684173229.036576
1684173229.045289
1684173229.05351
1684173229.061481
1684173229.0703192
1684173229.078874
1684173229.087132
1684173229.0953422
1684173229.1032588
1684173229.1118631
1684173229.120558
1684173229.12938
1684173229.1381419
1684173229.146871
1684173229.1557279
1684173229.164418
1684173229.173408
1684173229.1823401
1684173229.1919029
1684173229.2013628
1684173229.2114182
1684173229.221338
1684173229.231605
1684173229.24353
1684173229.258686
1684173229.2741911
1684173229.2907462
1684173229.301552
1684173229.311994
1684173229.3226838
1684173229.333011
1684173229.343308
1684173229.35317
1684173229.363935
1684173229.375467
1684173229.386477
1684173229.396322
1684173229.4067771
1684173229.416109
1684173229.425793
1684173229.434051
1684173229.441584
1684173229.44886
1684173229.455999
1684173229.4625862
1684173229.469877
1684173229.477324
1684173229.4847748
1684173229.492428
1684173229.499945
1684173229.5072691
1684173229.5149472
1684173229.522481
1684173229.529504
1684173229.5365279
1684173229.5436668
1684173229.551177
1684173229.558282
1684173229.565763
1684173229.573472
1684173229.581169
1684173229.588758
1684173229.595979
1684173229.6029592
1684173229.610631
1684173229.61778
1684173229.6250508
1684173229.632755
1684173229.640828
1684173229.6486661
1684173229.656469
1684173229.6649652
1684173229.673462
1684173229.682812
1684173229.692398
1684173229.7018409
1684173229.7126489
1684173229.722053
1684173229.732094
1684173229.742817
1684173229.754553
1684173229.7650728
1684173229.775143
1684173229.7855082
1684173229.7952158
1684173229.805362
1684173229.8167
1684173229.828745
1684173229.8394618
1684173229.8507898
1684173229.867904
1684173229.8780391
1684173229.887823
1684173229.898724
1684173229.909395
1684173229.9200509
1684173229.9301682
1684173229.939996
1684173229.949811
1684173229.9603572
1684173229.970048
1684173229.979569
1684173229.989269
1684173229.999497
1684173230.009512
1684173230.018862
1684174493.153013
1684174530.755116
1684174555.698793
1684174580.16995
1684174580.182569
1684174580.192632
1684174580.201887
1684174580.2112699
1684174580.220695
1684174580.2305942
1684174580.240321
1684174580.2512882
1684174580.2638779
1684174580.275085
1684174580.286295
1684174580.297934
1684174580.307717
1684174580.3171048
1684174580.3286028
1684174580.341005
1684174580.353483
1684174580.364059
1684174580.374197
1684174580.384038
1684174580.393997
1684174580.4032261
1684174580.412191
1684174580.421649
1684174580.430916
1684174580.4513762
1684174580.461121
1684174580.4712288
1684174580.4817522
1684174580.490773
1684174580.5004642
1684174580.511201
1684174580.5203042
1684174580.529093
1684174580.5432441
1684174580.562025
1684174580.572221
1684174580.582023
1684174580.593942
1684174580.602848
1684174580.6116211
1684174580.619682
1684174580.628082
1684174580.6366541
1684174580.644804
1684174580.653215
1684174580.661608
1684174580.669779
1684174580.679424
1684174580.6890318
1684174580.699137
1684174580.7089112
1684174580.7185411
1684174580.7277691
1684174580.7371662
1684174580.746291
1684174580.755455
1684174580.765384
1684174580.774934
1684174580.784766
1684174580.794338
1684174580.803297
1684174580.812715
1684174580.823369
1684174580.8345768
1684174580.844613
1684174580.8550642
1684174580.8642628
1684174580.8731809
1684174580.881979
1684174580.891053
1684174580.899907
1684174580.909415
1684174580.918321
1684174580.927088
1684174580.9366028
1684174580.946558
1684174580.955698
1684174580.965801
1684174580.9747279
1684174580.9836621
1684174580.993023
1684174581.002248
1684174581.011507
1684174581.0233018
1684174581.0330539
1684174581.042062
1684174581.050323
1684174581.0627131
1684174581.0699
1684174581.077257
1684174581.0853
1684174581.09251
1684174581.100687
1684174581.108628
1684174581.1155689
1684174581.123263
1684174581.130503
1684174581.138597
1684174581.1463628
1684174581.1553211
1684174581.164196
1684174581.174031
1684174581.183171
1684174581.192391
1684174581.2021399
1684174581.2109828
1684174581.220027
1684174581.229645
1684174581.238421
1684174581.2476559
1684174581.256995
1684174581.2663739
1684174581.275724
1684174581.286013
1684174581.298301
1684174581.309073
1684174581.319583
1684174581.329046
1684174581.338731
1684174581.348983
1684174581.359206
1684174581.370131
1684174581.381815
1684174581.391348
1684174581.402944
1684174581.413444
1684174581.4253561
1684174581.436085
1684174581.445995
1684174581.4566882
1684174581.466791
1684174581.477212
1684174581.487243
1684174581.496584
1684174581.506156
1684174581.515851
1684174581.524893
1684174581.534764
1684174581.5447412
1684174581.554423
1684174581.5640671
1684174581.574018
1684174581.583627
1684174581.5953789
1684174581.606901
1684174581.617729
1684174581.628279
1684174581.637595
1684174581.6466959
1684174581.655952
1684174581.664928
1684174581.6750238
1684174581.68483
1684174581.6943529
1684174581.703779
1684174581.71377
1684174581.723496
1684174581.7331579
1684174581.742742
1684174581.7520719
1684174581.7611861
1684174581.771101
1684174581.781268
1684174581.791113
1684174581.800961
1684174581.8102899
1684174581.820638
1684174581.8303602
1684174581.839971
1684174581.850842
1684174581.8611982
1684174581.871031
1684174581.880631
1684174581.889347
1684174581.8987122
1684174581.907553
1684174581.916886
1684174581.9260612
1684174581.9358778
1684174581.944869
1684174581.95411
1684174581.9635909
1684174581.9729102
1684174581.98244
1684174581.992285
1684174582.0025752
1684174582.0114439
1684174582.0209222
1684174582.030252
1684174582.0396569
1684174582.048043
1684174582.056396
1684174582.06362
1684174582.071576
1684174582.079505
1684174582.087158
1684174582.094857
1684174582.102759
1684174582.110652
1684174582.118602
1684174582.132305
1684174582.1410098
1684174582.149467
1684174582.15834
1684174582.167563
1684174582.177918
1684174582.189037
1684174582.198394
1684174582.20754
1684174582.21805
1684174582.227989
1684174582.2409952
1684174582.263145
1684174582.282767
1684174582.293689
1684174582.304671
1684174582.3140721
1684174582.3362281
1684174582.345814
1684174582.355417
1684174582.365258
1684174582.3759658
1684174582.386443
1684174582.395969
1684174582.405952
1684174582.415744
1684174582.4262998
1684174582.458431
1684174582.4783711
1684174582.48852
1684174582.498153
1684174582.5080588
1684174582.517992
1684174582.527819
1684174582.536941
1684174582.5466812
1684174582.5559082
1684174582.565405
1684174582.574688
1684174582.5876029
1684174582.597562
1684174582.607498
1684174582.618081
1684174582.628077
1684174582.638483
1684174582.648458
1684174582.658748
1684174582.668854
1684174582.67932
1684174582.6892622
1684174582.6985059
1684174582.707631
1684174582.716835
1684174582.726516
1684174582.7359831
1684174582.744909
1684174582.7545102
1684174582.764132
1684174582.773658
1684174582.7833412
1684174582.793393
1684174582.803356
1684174582.813302
1684174582.823475
1684174582.833695
1684174582.843939
1684174582.8541849
1684174582.863633
1684174582.873313
1684174582.883641
1684174582.893037
1684174582.902666
1684174582.91433
1684174582.932401
1684174582.9655669
1684174582.974995
1684174582.984777
1684174582.993543
1684174583.0012958
1684174583.0087528
1684174583.0170822
1684174583.025505
1684174583.034904
1684174583.044789
1684174583.05486
1684174583.064234
1684174583.073835
1684174583.0836082
1684174583.093005
1684174583.1025229
1684174583.111892
1684174583.121675
1684174583.133377
1684174583.146643
1684174583.159007
1684174583.173485
1684174583.183826
1684174583.1968079
1684174583.206927
1684174583.216835
1684174583.226623
1684174583.236576
1684174583.246606
1684174583.263465
1684174583.2964108
1684174583.310167
1684174583.320267
1684174583.32973
1684174583.339607
1684174583.349113
1684174583.3585038
1684174583.368403
1684174583.37861
1684174583.3887832
1684174583.398688
1684174583.4093509
1684174583.418891
1684174583.428161
1684174583.438134
1684174583.448506
1684174583.458139
1684174583.467189
1684174583.476077
1684174583.485152
1684174583.494742
1684174583.504812
1684174583.514576
1684174583.524539
1684174583.533864
1684174583.5439649
1684174583.553965
1684174583.5665479
1684174583.579803
1684174583.590562
1684174583.603046
1684174583.61515
1684174583.6264262
1684174583.638031
1684174583.647857
1684174583.657305
1684174583.666868
1684174583.6781619
1684174583.688128
1684174583.697214
1684174583.707519
1684174583.7172549
1684174583.7266612
1684174583.736918
1684174583.746732
1684174583.756984
1684174583.767431
1684174583.777198
1684174583.786966
1684174583.796997
1684174583.8068218
1684174583.81658
1684174583.826199
1684174583.836286
1684174583.846647
1684174583.856462
1684174583.865547
1684174583.875189
1684174583.88509
1684174583.894361
1684174583.903981
1684174583.913619
1684174583.923269
1684174583.932766
1684174583.9433339
1684174583.9532301
1684174583.964515
1684174583.974279
1684174583.987631
1684174583.997337
1684174584.006984
1684174584.016348
1684174584.025992
1684174584.034244
1684174584.042513
1684174584.051163
1684174584.059583
1684174584.069558
1684174584.080837
1684174584.0926
1684174584.103864
1684174584.115086
1684174584.125443
1684174584.1379101
1684174584.150006
1684174584.164007
1684174584.175906
1684174584.1860569
1684174584.1967602
1684174584.208095
1684174584.218972
1684174584.23014
1684174584.240535
1684174584.250744
1684174584.260675
1684174584.2710779
1684174584.280736
1684174584.291133
1684174584.3058019
1684174584.316331
1684174584.3305511
1684174584.359772
1684174584.3712451
1684174584.380547
1684174584.3900201
1684174584.398876
1684174584.408192
1684174584.4172711
1684174584.4267719
1684174584.436028
1684174584.4448159
1684174584.453846
1684174584.462652
1684174584.474556
1684174584.497874
1684174584.512817
1684174584.5268638
1684174584.539396
1684174584.551309
1684174584.5620081
1684174584.573401
1684174584.601115
1684174584.611514
1684174584.6208901
1684174584.6294389
1684174584.6371891
1684174584.645306
1684174584.653146
1684174584.659876
1684174584.667168
1684174584.675306
1684174584.68291
1684174584.690752
1684174584.698412
1684174584.7065542
1684174584.7143638
1684174584.722681
1684174584.730264
1684174584.738177
1684174584.74608
1684174584.754482
1684174584.766183
1684174584.7784462
1684174584.7891479
1684174584.797149
1684174584.8057501
1684174584.813844
1684174584.821706
1684174584.829823
1684174584.8376162
1684174584.844744
1684174584.851975
1684174584.85968
1684174584.8667488
1684174584.874194
1684174584.881435
1684174584.888989
1684174584.896822
1684174584.90466
1684174584.914444
1684174584.925792
1684174584.9385731
1684174584.954915
1684174584.964813
1684174584.9745312
1684174584.983546
1684174584.992925
1684174585.0024881
1684174585.012327
1684174585.022151
1684174585.0315368
1684174585.04128
1684174585.051326
1684174585.06175
1684174585.072425
1684174585.0845141
1684174585.095003
1684174585.104678
1684174585.1144152
1684174585.124375
1684174585.1340768
1684174585.143243
1684174585.152302
1684174585.1617742
1684174585.171743
1684174585.180753
1684174585.195536
1684174585.205321
1684174585.214459
1684174585.223466
1684174585.232785
1684174585.2417831
1684174585.2518568
1684174585.261045
1684174585.2701151
1684174585.2806132
1684174585.292331
1684174585.326899
1684174585.343057
1684174585.354966
1684174585.365726
1684174585.376665
1684174585.387605
1684174585.398506
1684174585.408423
1684174585.417944
1684174585.427215
1684174585.436425
1684174585.44664
1684174585.4560761
1684174585.465992
1684174585.4759219
1684174585.485738
1684174585.495306
1684174585.504904
1684174585.514257
1684174585.524582
1684174585.534166
1684174585.5441668
1684174585.5610602
1684174585.583638
1684174585.604625
1684174585.6191008
1684174585.630402
1684174585.6428668
1684174585.654258
1684174585.6641018
1684174585.6738482
1684174585.683478
1684174585.693485
1684174585.704021
1684174585.715709
1684174585.7264829
1684174585.736017
1684174585.74564
1684174585.75592
1684174585.766083
1684174585.775556
1684174585.78588
1684174585.7959108
1684174585.806428
1684174585.816292
1684174585.8265128
1684174585.8361259
1684174585.849395
1684174585.859512
1684174585.8701499
1684174585.880482
1684174585.890721
1684174585.900245
1684174585.910135
1684174585.9196942
1684174585.929251
1684174585.9392571
1684174585.9518342
1684174585.964799
1684174585.976403
1684174585.9881139
1684174585.9979038
1684174586.006329
1684174586.014745
1684174586.023395
1684174586.031592
1684174586.039723
1684174586.048119
1684174586.0565188
1684174586.065193
1684174586.073626
1684174586.081682
1684174586.090085
1684174586.098222
1684174586.1072571
1684174586.115349
1684174586.124373
1684174586.133375
1684174586.14927
1684174586.158834
1684174586.1709619
1684174586.182846
1684174586.1944478
1684174586.207538
1684174586.217269
1684174586.2273211
1684174586.238213
1684174586.248074
1684174586.2575822
1684174586.266679
1684174586.276333
1684174586.28679
1684174586.299268
1684174586.31322
1684174586.32401
1684174586.333484
1684174586.3433962
1684174586.353058
1684174586.362574
1684174586.372223
1684174586.3818922
1684174586.3925078
1684174586.403213
1684174586.413242
1684174586.422969
1684174586.4323368
1684174586.442
1684174586.4509099
1684174586.4598389
1684174586.4674828
1684174586.476496
1684174586.485059
1684174586.49321
1684174586.501375
1684174586.510771
1684174586.521145
1684174586.531533
1684174586.5415628
1684174586.566002
1684174586.583633
1684174586.5949929
1684174586.606281
1684174586.6162162
1684174586.6262789
1684174586.637418
1684174586.647972
1684174586.6580968
1684174586.668913
1684174586.679052
1684174586.689147
1684174586.699195
1684174586.709585
1684174586.719201
1684174586.728904
1684174586.738661
1684174586.748673
1684174586.758773
1684174586.768576
1684174586.7781498
1684174586.7878988
1684174586.7979178
1684174586.8078341
1684174586.817458
1684174586.827959
1684174586.838665
1684174586.850302
1684174586.861474
1684174586.87123
1684174586.880851
1684174586.8903859
1684174586.8997061
1684174586.910539
1684174586.924504
1684174586.938827
1684174586.949483
1684174586.9595048
1684174586.970623
1684174586.981285
1684174586.992527
1684174587.002903
1684174587.013216
1684174587.023277
1684174587.0401862
1684174587.049633
1684174587.058869
1684174587.067541
1684174587.075518
1684174587.0834072
1684174587.0915341
1684174587.0997639
1684174587.111357
1684174587.120429
1684174587.129917
1684174587.139699
1684174587.149823
1684174587.160969
1684174587.178258
1684174587.1922681
1684174587.203825
1684174587.214002
1684174587.224125
1684174587.233788
1684174587.2437298
1684174587.253539
1684174587.2633111
1684174587.273773
1684174587.283572
1684174587.293546
1684174587.3041542
1684174587.313638
1684174587.32339
1684174587.3332858
1684174587.343085
1684174587.3541481
1684174587.364247
1684174587.373884
1684174587.383075
1684174587.392308
1684174587.401246
1684174587.41071
1684174587.419803
1684174587.430706
1684174587.4476821
1684174587.461975
1684174587.474693
1684174587.496831
1684174587.5084019
1684174587.518949
1684174587.529987
1684174587.5405178
1684174587.550688
1684174587.5604548
1684174587.570337
1684174587.5797892
1684174587.5894861
1684174587.599072
1684174587.608753
1684174587.618165
1684174587.628085
1684174587.6374888
1684174587.6470668
1684174587.656867
1684174587.666316
1684174587.676335
1684174587.686333
1684174587.69541
1684174587.705589
1684174587.715543
1684174587.724797
1684174587.734167
1684174587.743667
1684174587.752925
1684174587.762231
1684174587.772439
1684174587.782094
1684174587.792404
1684174587.802324
1684174587.811796
1684174587.821887
1684174587.832
1684174587.841968
1684174587.8514292
1684174587.861779
1684174587.871169
1684174587.8807008
1684174593.532906
1684174610.506173
1684174610.5164611
1684174610.5264168
1684174610.535976
1684174610.5455801
1684174610.5555499
1684174610.5648699
1684174610.5748858
1684174610.5845618
1684174610.594034
1684174610.6032069
1684174610.6130612
1684174610.623005
1684174610.632886
1684174610.642771
1684174610.651835
1684174610.661746
1684174610.671086
1684174610.6809652
1684174610.6899168
1684174610.6993558
1684174610.7087228
1684174610.718187
1684174610.7278872
1684174610.7378402
1684174610.7476292
1684174610.768385
1684174610.777923
1684174610.7879
1684174610.796792
1684174610.8127942
1684174610.823027
1684174610.8339882
1684174610.844414
1684174610.854082
1684174610.86413
1684174610.87416
1684174610.8831182
1684174610.892661
1684174610.902271
1684174610.912089
1684174610.922291
1684174610.932064
1684174610.941531
1684174610.9508722
1684174610.961039
1684174610.971427
1684174610.981217
1684174610.990996
1684174611.0025558
1684174611.016576
1684174611.030564
1684174611.038868
1684174611.047606
1684174611.0564501
1684174611.0643709
1684174611.073314
1684174611.081444
1684174611.089813
1684174611.098173
1684174611.1072881
1684174611.116456
1684174611.125349
1684174611.134615
1684174611.143768
1684174611.1528761
1684174611.162368
1684174611.171467
1684174611.1810172
1684174611.192406
1684174611.201516
1684174611.210903
1684174611.2195258
1684174611.2283452
1684174611.2369092
1684174611.2457159
1684174611.255264
1684174611.264704
1684174611.273793
1684174611.283621
1684174611.29424
1684174611.303651
1684174611.312895
1684174611.3220952
1684174611.331521
1684174611.340715
1684174611.3502028
1684174611.359245
1684174611.368057
1684174611.377401
1684174611.386675
1684174611.395372
1684174611.404063
1684174611.413237
1684174611.422414
1684174611.4318771
1684174611.442102
1684174611.4513001
1684174611.4606552
1684174611.470037
1684174611.485798
1684174611.495271
1684174611.50421
1684174611.5132291
1684174611.5220218
1684174611.531568
1684174611.543818
1684174611.55381
1684174611.563759
1684174611.5732548
1684174611.583145
1684174611.592268
1684174611.6010711
1684174611.610904
1684174611.6197062
1684174611.6303492
1684174611.6405709
1684174611.649976
1684174611.659086
1684174611.668523
1684174611.6778471
1684174611.686856
1684174611.695963
1684174611.7054038
1684174611.714543
1684174611.729815
1684174611.7383628
1684174611.747137
1684174611.762402
1684174611.7724302
1684174611.7831612
1684174611.793084
1684174611.802068
1684174611.8109682
1684174611.8200839
1684174611.828941
1684174611.837449
1684174611.846703
1684174611.855479
1684174611.86448
1684174611.8729138
1684174611.8814342
1684174611.890814
1684174611.8992279
1684174611.9085162
1684174611.917695
1684174611.9262662
1684174611.9355688
1684174611.94485
1684174611.9543722
1684174611.963431
1684174611.9723651
1684174611.982075
1684174611.99141
1684174612.0004852
1684174612.0096262
1684174612.018636
1684174612.0293171
1684174612.0400052
1684174612.049919
1684174612.059479
1684174612.068324
1684174612.076606
1684174612.08422
1684174612.092622
1684174612.100466
1684174612.108924
1684174612.1177971
1684174612.126338
1684174612.134975
1684174612.143309
1684174612.151354
1684174612.161886
1684174612.17201
1684174612.1817899
1684174612.1908932
1684174612.19982
1684174612.208284
1684174612.216356
1684174612.224489
1684174612.23264
1684174612.240708
1684174612.248714
1684174612.2569752
1684174612.2656589
1684174612.273737
1684174612.2832232
1684174612.2928588
1684174612.301919
1684174612.31122
1684174612.3192132
1684174612.32756
1684174612.335696
1684174612.343998
1684174612.352491
1684174612.3604321
1684174612.368685
1684174612.3775601
1684174612.385705
1684174612.3939981
1684174612.402334
1684174612.410506
1684174612.4182699
1684174612.426425
1684174612.434706
1684174612.4436202
1684174612.452488
1684174612.460602
1684174612.4686751
1684174612.47691
1684174612.485295
1684174612.496971
1684174612.505912
1684174612.514106
1684174612.522073
1684174612.529639
1684174612.53731
1684174612.5463219
1684174612.5559602
1684174612.564448
1684174612.572541
1684174612.581598
1684174612.589168
1684174612.597367
1684174612.605891
1684174612.6144981
1684174612.625207
1684174612.634717
1684174612.645324
1684174612.65698
1684174612.6671638
1684174612.679081
1684174612.689857
1684174612.699755
1684174612.710482
1684174612.720021
1684174612.730075
1684174612.7394218
1684174612.748823
1684174612.758394
1684174612.7712798
1684174612.780444
1684174612.790036
1684174612.7992792
1684174612.808588
1684174612.81861
1684174612.8284822
1684174612.838291
1684174612.849771
1684174612.860996
1684174612.871076
1684174612.881578
1684174612.890441
1684174612.9000828
1684174612.909579
1684174612.91847
1684174612.927465
1684174612.9368489
1684174612.9458401
1684174612.9534478
1684174612.961577
1684174612.968862
1684174612.976361
1684174612.983815
1684174612.992235
1684174613.000604
1684174613.0090501
1684174613.0171552
1684174613.025536
1684174613.0487978
1684174613.066967
1684174613.07855
1684174613.088643
1684174613.0984719
1684174613.107809
1684174613.117307
1684174613.126591
1684174613.136567
1684174613.1475132
1684174613.157898
1684174613.168523
1684174613.178045
1684174613.187426
1684174613.1968691
1684174613.2061539
1684174613.216119
1684174613.2254138
1684174613.2348402
1684174613.24429
1684174613.2548292
1684174613.265986
1684174613.28269
1684174613.2926688
1684174613.302689
1684174613.313077
1684174613.3229618
1684174613.3335302
1684174613.343379
1684174613.353431
1684174613.3630452
1684174613.3722339
1684174613.381807
1684174613.3915231
1684174613.401675
1684174613.41172
1684174613.422077
1684174613.433635
1684174613.444569
1684174613.454711
1684174613.4640288
1684174613.473595
1684174613.48376
1684174613.493383
1684174613.502624
1684174613.51188
1684174616.2182798
1684174635.514977
